#t		T=0.250000		T=0.500000		T=1.000000		T=2.000000		T=4.000000		T=8.000000		T=16.000000		T=32.000000		T=64.000000		T=128.000000		T=256.000000		T=512.000000		T=1024.000000		T=2048.000000		T=4096.000000		T=8192.000000		
0.000000	1.000092		1.000104		1.000157		1.000251		1.000408		1.000692		1.032922		2.363885		8.251421		15.996977		21.760567		25.163626		26.995251		27.943058		28.424860		28.667722		
0.100000	0.966608		0.965152		0.958219		0.944370		0.923666		0.895177		0.880446		1.770758		5.858440		11.260743		15.285579		17.663091		18.942992		19.605360		19.942080		20.111814		
0.200000	0.877512		0.872516		0.849034		0.804139		0.742434		0.667936		0.600605		0.851756		2.079278		3.664813		4.829703		5.512855		5.879277		6.068558		6.164692		6.213129		
0.300000	0.759523		0.750846		0.710907		0.640042		0.556346		0.478912		0.453730		0.724466		1.491249		2.286886		2.810701		3.101144		3.252553		3.329648		3.368522		3.388037		
0.400000	0.639584		0.628873		0.581108		0.505947		0.439852		0.417762		0.519104		1.489662		4.650975		8.433684		11.140990		12.711154		13.549017		13.980755		14.199763		14.310043		
0.500000	0.534162		0.524126		0.481719		0.429649		0.420556		0.499362		0.757747		2.494262		8.568633		16.146121		21.678235		24.917825		26.654764		27.551898		28.007524		28.237086		
0.600000	0.448198		0.442057		0.420022		0.418422		0.498896		0.701818		1.066301		2.811570		8.945188		16.685203		22.366437		25.701716		27.492121		28.417419		28.887485		29.124358		
0.700000	0.381266		0.382576		0.396873		0.471229		0.660267		0.962448		1.311434		2.423873		6.039534		10.469759		13.673535		15.540182		16.538385		17.053275		17.314595		17.446214		
0.800000	0.335978		0.348287		0.413978		0.581695		0.867463		1.187814		1.451464		2.353857		4.681762		7.080324		8.651035		9.518651		9.969921		10.199421		10.315068		10.373106		
0.900000	0.323045		0.348700		0.474010		0.731545		1.062650		1.317643		1.553276		3.105931		7.095977		11.160644		13.816041		15.282866		16.046091		16.434351		16.630032		16.728245		
1.000000	0.357702		0.395960		0.574055		0.888418		1.196686		1.367083		1.691948		4.213189		11.254473		19.059821		24.445512		27.513755		29.136615		29.969182		30.390594		30.602561		
1.100000	0.448228		0.494177		0.700136		1.017894		1.258631		1.400014		1.896892		4.883287		13.408979		23.268004		30.244973		34.273275		36.418555		37.522949		38.082920		38.364826		
1.200000	0.586634		0.632391		0.830714		1.101402		1.276286		1.479431		2.167408		4.886998		12.067018		20.274706		26.062000		29.397753		31.172696		32.086043		32.549045		32.782108		
1.300000	0.751045		0.788786		0.947468		1.144433		1.294773		1.637780		2.494810		5.018680		10.731975		16.675699		20.645107		22.866824		24.031039		24.625455		24.925594		25.076376		
1.400000	0.917530		0.942287		1.043925		1.170429		1.354528		1.869563		2.858301		5.956224		12.751684		19.329423		23.500747		25.765268		26.932370		27.523117		27.820085		27.968941		
1.500000	1.071207		1.081867		1.126185		1.208272		1.478431		2.142043		3.225280		7.363065		17.044945		26.723462		33.003543		36.462148		38.259152		39.172660		39.632902		39.863860		
1.600000	1.209571		1.208100		1.207550		1.282273		1.667685		2.418697		3.568646		8.400594		20.199979		32.575170		40.888541		45.562294		48.018050		49.273760		49.908301		50.227206		
1.700000	1.337677		1.327778		1.301671		1.406857		1.905002		2.679794		3.892216		8.669299		20.110906		32.327197		40.658824		45.384690		47.879665		49.158561		49.805623		50.131026		
1.800000	1.458559		1.445166		1.417163		1.584454		2.164424		2.928394		4.243061		8.831599		19.015007		29.504219		36.512649		40.442986		42.505490		43.559424		44.091824		44.359350		
1.900000	1.564805		1.554740		1.553941		1.804943		2.423064		3.182522		4.671162		9.837021		20.864136		31.598632		38.472607		42.229718		44.173664		45.159684		45.655892		45.904754		
2.000000	1.638529		1.640849		1.701249		2.046402		2.667521		3.460460		5.173703		11.590810		25.572077		39.020464		47.532528		52.151096		54.531103		55.735737		56.341299		56.644837		
2.100000	1.661439		1.685688		1.839099		2.278644		2.892695		3.768248		5.698899		13.161875		29.722793		45.948365		56.385178		62.109365		65.077530		66.584899		67.343961		67.724779		
2.200000	1.626752		1.679422		1.944003		2.470365		3.096703		4.095734		6.192905		13.853867		30.683517		47.498305		58.525741		64.650814		67.849633		69.480313		70.303077		70.716262		
2.300000	1.543247		1.624818		1.996963		2.598217		3.277512		4.422558		6.651249		14.047251		29.702718		45.308714		55.569118		61.279333		64.264846		65.787692		66.556281		66.942321		
2.400000	1.430412		1.535027		1.990275		2.654060		3.433264		4.729714		7.119898		14.894607		31.086224		46.858276		57.025576		62.612711		65.513015		66.986774		67.729131		68.101623		
2.500000	1.310766		1.428582		1.930628		2.647297		3.564369		5.008574		7.631051		16.758019		36.131066		54.694877		66.446487		72.825627		76.113828		77.778403		78.615244		79.034728		
2.600000	1.204777		1.325339		1.837566		2.601648		3.675507		5.263389		8.167812		18.780770		41.488727		63.154239		76.826552		84.236857		88.053816		89.985399		90.956310		91.442962		
2.700000	1.129869		1.244433		1.737788		2.547184		3.775562		5.507547		8.689464		19.974118		43.654516		66.297087		80.696958		88.551071		92.612491		94.672241		95.708756		96.228593		
2.800000	1.102604		1.204411		1.658310		2.510394		3.873988		5.755188		9.180459		20.320503		42.857243		64.443896		78.289246		85.890633		89.836835		91.842430		92.852816		93.359835		
2.900000	1.140739		1.224283		1.623161		2.508530		3.977460		6.013267		9.674996		20.939257		43.380008		64.834122		78.575953		86.111385		90.020180		92.005838		93.005929		93.507718		
3.000000	1.260090		1.321475		1.653879		2.552673		4.093268		6.284325		10.218145		22.712247		48.271715		72.659851		88.141302		96.569146		100.921386		103.126883		104.236268		104.792527		
3.100000	1.465226		1.504273		1.768232		2.654573		4.236075		6.575672		10.815243		25.086817		54.892818		83.167908		100.964127		110.594272		115.550107		118.056775		119.316428		119.947721		
3.200000	1.740814		1.763221		1.973908		2.827988		4.428848		6.903708		11.441076		26.878556		58.686093		88.565851		107.294903		117.414497		122.619289		125.251296		126.573808		127.236576		
3.300000	2.051931		2.069293		2.261542		3.082247		4.694275		7.287843		12.077495		27.627089		58.502766		87.285620		105.365365		115.165587		120.217548		122.775633		124.061909		124.706752		
3.400000	2.353905		2.380973		2.602908		3.413382		5.042404		7.738584		12.745321		28.187855		58.108190		86.026421		103.654658		113.248190		118.205273		120.718518		121.983083		122.617257		
3.500000	2.604649		2.655192		2.955467		3.798470		5.462804		8.249883		13.484796		29.818538		62.180044		92.694832		112.011017		122.523363		127.953082		130.705101		132.089552		132.783778		
3.600000	2.772947		2.856402		3.271632		4.196550		5.923469		8.800598		14.297925		32.474313		69.776955		105.113086		127.397780		139.478359		145.702146		148.852081		150.435498		151.229182		
3.700000	2.841409		2.961753		3.510555		4.559309		6.377871		9.357538		15.134261		34.909682		75.581573		113.734666		137.600247		150.473044		157.086627		160.428977		162.107866		162.949088		
3.800000	2.805907		2.962319		3.646929		4.847755		6.783079		9.887072		15.932958		36.208801		76.609829		113.905152		137.085685		149.558831		155.961033		159.195273		160.819568		161.633367		
3.900000	2.674143		2.861730		3.671388		5.040679		7.115445		10.370544		16.677778		36.798177		75.509378		110.974342		133.046910		144.953528		151.075933		154.172076		155.727895		156.507614		
4.000000	2.466108		2.675712		3.585838		5.128308		7.366523		10.802224		17.403515		38.069485		78.002475		115.002829		138.217102		150.796957		157.281149		160.564301		162.215124		163.042715		
4.100000	2.216045		2.433947		3.402330		5.103627		7.528294		11.178482		18.139852		40.620000		85.677700		128.067821		154.781178		169.270439		176.739212		180.520556		182.421738		183.374796		
4.200000	1.970820		2.179968		3.146984		4.964798		7.588366		11.490832		18.868400		43.416116		93.431444		140.398070		169.839033		185.742355		193.919717		198.054191		200.131442		201.172386		
4.300000	1.780362		1.963750		2.862043		4.726397		7.539593		11.724510		19.537777		45.178017		96.244093		143.349187		172.561871		188.249681		196.291545		200.351141		202.389154		203.410028		
4.400000	1.683017		1.828238		2.600705		4.430006		7.398504		11.873997		20.115154		45.818319		94.934042		139.441045		166.865233		181.559888		189.086695		192.885134		194.791798		195.746823		
4.500000	1.694491		1.797539		2.415982		4.145546		7.223387		11.973000		20.639213		46.613602		95.432209		139.770577		167.245734		182.031597		189.624900		193.462362		195.390048		196.355970		
4.600000	1.806346		1.873025		2.347909		3.954177		7.106776		12.106079		21.217178		48.780256		102.056749		151.422035		182.341941		199.070923		207.684853		212.043811		214.234887		215.333143		
4.700000	1.993118		2.037716		2.414721		3.917488		7.129549		12.357100		21.928855		51.839584		111.402906		167.137317		202.103610		221.014510		230.746446		235.669262		238.143224		239.383129		
4.800000	2.222992		2.265096		2.612566		4.057716		7.319324		12.742570		22.740840		54.276684		116.713712		174.453683		210.340913		229.637123		239.535077		244.533258		247.042871		248.300079		
4.900000	2.466150		2.526771		2.921513		4.363905		7.659269		13.229766		23.575781		55.411364		116.243741		171.261183		205.049510		223.105676		232.338733		236.993859		239.329386		240.498924		
5.000000	2.696667		2.794445		3.309822		4.809125		8.123941		13.798266		24.425665		56.160668		115.112230		167.927418		200.312844		217.627108		226.486224		230.954677		233.197080		234.320127		
5.100000	2.889274		3.037158		3.732739		5.357540		8.696420		14.455649		25.369142		58.103442		119.830284		176.065401		210.958357		229.744429		239.393383		244.269933		246.719626		247.947121		
5.200000	3.017792		3.220465		4.131297		5.956799		9.357882		15.206090		26.450917		61.454565		129.985071		193.678246		233.563398		255.126800		266.223701		271.837229		274.658408		276.072362		
5.300000	3.060852		3.313293		4.439225		6.526750		10.056744		16.014777		27.592319		64.660746		138.151397		206.383823		248.945209		271.883522		283.665283		289.618933		292.609379		294.107741		
5.400000	3.012584		3.300189		4.599685		6.965471		10.687499		16.795813		28.679688		66.454322		139.560239		206.069283		247.016986		268.920852		280.125994		285.776400		288.611497		290.031253		
5.500000	2.889384		3.190054		4.583977		7.182850		11.125166		17.440083		29.650033		67.227946		137.407926		200.024997		238.218470		258.559295		268.942962		274.173763		276.797000		278.110334		
5.600000	2.726091		3.014230		4.400986		7.139805		11.296515		17.871966		30.511400		68.633005		139.403076		202.885553		241.865950		262.725221		273.403734		278.791354		281.495406		282.849754		
5.700000	2.562689		2.814601		4.092655		6.861317		11.216232		18.083576		31.249187		71.537604		148.655050		219.448954		263.519892		287.280046		299.491123		305.664252		308.765674		310.319835		
5.800000	2.428788		2.628368		3.719753		6.417883		10.964312		18.151645		31.868555		74.802680		158.979328		237.034818		285.783605		312.089396		325.611768		332.448129		335.882785		337.603933		
5.900000	2.334265		2.477283		3.345702		5.894682		10.628491		18.191914		32.476146		76.890696		162.902626		241.576502		290.214797		316.297247		329.658100		336.400344		339.784499		341.479522		
6.000000	2.271043		2.366290		3.024925		5.371817		10.257146		18.236852		33.122568		77.681429		160.735364		234.855069		280.029777		304.067385		316.330611		322.506009		325.602354		327.152393		
6.100000	2.224381		2.291133		2.798620		4.926395		9.881960		18.234672		33.701862		78.459299		159.870520		231.895690		275.702688		299.009268		310.902157		316.892217		319.895990		321.399785		
6.200000	2.185676		2.248603		2.695505		4.641214		9.584675		18.221886		34.217130		80.631679		166.642441		244.205103		292.021629		317.668422		330.813976		337.450496		340.782443		342.451549		
6.300000	2.157375		2.240901		2.730992		4.593322		9.497837		18.367298		34.908707		84.110688		178.338276		265.025933		319.027752		348.144360		363.107541		370.671568		374.471661		376.375901		
6.400000	2.146931		2.270679		2.901264		4.821320		9.721788		18.795772		35.890520		87.201537		185.874637		276.392312		332.551297		362.740053		378.226199		386.046850		389.973837		391.941143		
6.500000	2.156231		2.332147		3.176827		5.299805		10.252717		19.473025		36.989111		88.733230		185.424184		272.143961		325.168952		353.433342		367.866039		375.137266		378.783904		380.609634		
6.600000	2.176763		2.407553		3.503032		5.943023		10.991155		20.271485		38.036011		89.397467		182.465985		264.377456		313.963504		340.259813		353.652874		360.391573		363.768942		365.459308		
6.700000	2.195169		2.473518		3.810627		6.631413		11.817693		21.104256		39.128772		91.274210		186.091773		270.278110		321.653843		349.047437		363.043419		370.097471		373.636019		375.407854		
6.800000	2.204428		2.513414		4.034325		7.239838		12.646034		21.969501		40.353588		95.053406		197.838448		291.341064		349.257876		380.397501		396.377994		404.450675		408.504908		410.536147		
6.900000	2.211179		2.527063		4.133271		7.657742		13.391152		22.862092		41.573194		98.822862		208.694288		309.558283		372.246620		405.992768		423.318807		432.072822		436.469588		438.672525		
7.000000	2.232449		2.530197		4.103631		7.807996		13.925048		23.699359		42.713946		100.786039		210.758745		310.238508		371.402867		404.111390		420.842848		429.279968		433.513318		435.633298		
7.100000	2.282627		2.542493		3.974604		7.666757		14.110340		24.323646		43.837427		101.609766		207.180231		300.348775		356.781777		386.707319		401.946520		409.613261		413.455507		415.378477		
7.200000	2.359033		2.571372		3.789483		7.272542		13.889938		24.572978		44.743981		102.913477		207.307248		298.870245		354.262036		383.639143		398.603643		406.133864		409.908185		411.797292		
7.300000	2.436611		2.603061		3.584916		6.714213		13.343094		24.459286		45.280684		105.586395		216.316404		315.524845		376.433336		409.023084		425.705208		434.121309		438.345212		440.460752		
7.400000	2.477028		2.608229		3.381990		6.102885		12.636871		24.184532		45.774809		109.127728		228.848354		338.177287		406.011338		442.508400		461.243790		470.709381		475.463451		477.845391		
7.500000	2.447356		2.558979		3.192068		5.545983		11.922649		23.872460		46.394169		111.911851		235.074055		346.873962		415.884704		452.887836		471.845338		481.412903		486.215519		488.621102		
7.600000	2.335928		2.445045		3.028271		5.138081		11.310963		23.493729		46.748392		112.605184		232.248971		338.178196		402.532053		436.720588		454.148220		462.920571		467.318088		469.519260		
7.700000	2.155037		2.277742		2.909638		4.960892		10.936030		23.123413		46.771399		112.318997		228.119390		328.871881		389.492583		421.533753		437.823773		446.012514		450.114698		452.167345		
7.800000	1.930823		2.080470		2.851749		5.068532		10.977077		23.078385		47.086872		114.013373		233.125275		337.927269		401.580052		435.431147		452.702236		461.400632		465.762418		467.946058		
7.900000	1.690002		1.874967		2.850837		5.452354		11.551863		23.687598		48.093208		118.141546		246.792487		362.689874		434.135175		472.453612		492.093142		502.007779		506.985440		509.478921		
8.000000	1.453091		1.674343		2.877166		6.016291		12.576483		24.949720		49.572887		121.773179		256.821997		379.437149		455.247056		495.951205		516.822514		527.360913		532.652168		535.302843		
8.100000	1.236480		1.486773		2.887381		6.597377		13.768384		26.520602		51.362923		123.619056		256.575086		375.346478		447.931547		486.629056		506.393391		516.352081		521.346912		523.847730		
8.200000	1.058676		1.324691		2.849262		7.027013		14.805605		27.997922		53.309508		125.052068		252.497360		363.512772		430.309660		465.606738		483.548358		492.566160		497.083339		499.343555		
8.300000	0.943312		1.210051		2.761284		7.193408		15.469590		29.130409		54.954727		127.074696		254.029339		364.361651		430.777422		465.904996		483.772635		492.756911		497.258294		499.510865		
8.400000	0.913584		1.168731		2.652716		7.070782		15.661124		29.815942		56.234843		130.492234		264.944149		384.676784		457.944396		497.075658		517.086745		527.177187		532.240105		534.775534		
8.500000	0.979399		1.215601		2.563787		6.709262		15.353961		29.933820		57.254270		134.895182		278.637348		408.753245		489.142744		532.302172		554.433404		565.608477		571.219566		574.030508		
8.600000	1.126475		1.341073		2.520473		6.202913		14.598916		29.356372		57.447222		137.047106		282.922738		413.738779		494.008255		536.919343		558.870282		569.940116		575.494687		578.276381		
8.700000	1.317340		1.510761		2.523064		5.661356		13.573630		28.264865		56.680399		135.750824		276.172441		399.031709		473.208354		512.486062		532.473681		542.525811		547.562636		550.083249		
8.800000	1.504608		1.679285		2.555369		5.197271		12.568427		27.202203		56.007893		134.940130		271.631094		389.338807		459.778229		496.900979		515.745609		525.211022		529.950852		532.322082		
8.900000	1.647166		1.807734		2.602301		4.918618		11.876066		26.669278		56.180507		137.410806		279.501901		403.410604		478.319727		518.059095		538.308327		548.499885		553.608697		556.165887		
9.000000	1.719902		1.873464		2.657539		4.908607		11.687093		26.795198		56.977214		141.149227		293.311303		429.389735		512.962075		557.696724		580.601479		592.158498		597.959195		600.864580		
9.100000	1.714344		1.869200		2.715707		5.193451		12.074675		27.483259		58.294351		144.325349		301.362323		442.527883		529.400551		575.936547		599.770367		611.797552		617.834540		620.858347		
9.200000	1.633214		1.796197		2.759892		5.714819		13.010895		28.693021		60.202715		146.746111		300.453436		435.637564		517.631155		561.177749		583.375454		594.549237		600.150724		602.954587		
9.300000	1.483878		1.658224		2.758972		6.328060		14.327410		30.333089		62.298146		147.859211		295.052177		421.510098		497.070284		536.851698		557.033964		567.167968		572.241735		574.779805		
9.400000	1.275965		1.461283		2.680262		6.840800		15.687654		32.027244		64.248173		149.872333		296.818112		423.385471		499.262105		539.309211		559.656947		569.882549		575.004418		577.567126		
9.500000	1.024899		1.218989		2.509965		7.083261		16.693173		33.246545		65.688796		154.517912		311.323399		449.500167		533.644316		578.475897		601.373930		612.912937		618.700871		621.598923		
9.600000	0.756300		0.957115		2.265659		6.972409		17.072655		33.747969		66.094018		157.624529		323.486874		472.004842		563.277975		612.149907		637.176567		649.805072		656.143773		659.318676		
9.700000	0.503822		0.710021		1.989636		6.532056		16.773374		33.742874		66.049059		157.493508		322.045032		468.101977		557.258199		604.793603		629.077233		641.315071		647.453605		650.527212		
9.800000	0.299910		0.509841		1.728651		5.866884		15.899464		33.484509		66.542318		157.579499		315.776553		452.326404		534.162919		577.326571		599.246638		610.259039		615.774087		618.533280		
9.900000	0.166374		0.376923		1.517489		5.120512		14.628125		32.919844		67.297479		158.584263		313.687270		445.833204		524.445367		565.741151		586.668103		597.170087		602.426599		605.055711		
10.000000	0.110801		0.317696		1.377015		4.446325		13.210615		31.938797		67.746249		160.964543		321.352271		460.491093		544.408570		588.872398		611.514515		622.906683		628.616382		631.474103		
10.100000	0.128799		0.328344		1.320693		3.992816		11.996823		30.776330		68.066176		165.732522		337.690515		490.026525		583.186432		632.948546		658.400509		671.235930		677.676558		680.902031		
10.200000	0.208809		0.399418		1.356950		3.882208		11.367303		29.911929		68.269453		168.694948		345.171601		501.441475		596.944882		647.929090		673.996126		687.138850		693.732908		697.035018		
10.300000	0.336793		0.518950		1.483500		4.169401		11.580847		29.678146		68.120680		167.658323		337.437390		484.390859		572.871064		619.691076		643.513201		655.493447		661.496387		664.500489		
10.400000	0.498344		0.673347		1.680467		4.802009		12.660128		30.238951		67.921669		166.599014		330.659374		469.301294		551.463004		594.536079		616.340215		627.276284		632.748502		635.485106		
10.500000	0.676723		0.845691		1.910468		5.618352		14.379105		31.775085		68.354242		167.277066		333.684921		475.253820		559.583493		603.944868		626.446228		637.744290		643.400852		646.230466		
10.600000	0.849925		1.014028		2.128118		6.397078		16.312065		34.295211		70.353129		170.457617		345.408730		498.574739		591.548035		641.004823		666.245008		678.959185		685.335295		688.527529		
10.700000	0.992735		1.154099		2.294570		6.935955		17.932467		37.221790		74.089951		176.412461		359.119650		521.343090		620.601163		673.628577		700.751950		714.430497		721.294241		724.731620		
10.800000	1.084374		1.246251		2.387566		7.116617		18.782542		39.523650		78.079810		180.770747		360.423411		517.728513		613.071153		663.715939		689.538227		702.538704		709.056545		712.319260		
10.900000	1.115186		1.280597		2.400448		6.922195		18.637109		40.402383		80.791609		182.384036		352.420851		497.084245		583.168737		628.403652		651.330839		662.837678		668.597415		671.478288		
11.000000	1.086863		1.256718		2.335162		6.414963		17.547263		39.650357		81.712951		184.806190		353.390740		495.075420		578.828966		622.681972		644.867118		655.990822		661.556061		664.338968		
11.100000	1.007740		1.180219		2.199643		5.710262		15.784807		37.459381		80.438868		187.211053		364.529947		516.314995		607.323276		655.405821		679.855313		692.147882		698.306599		701.388488		
11.200000	0.888037		1.059879		2.011563		4.965098		13.790352		34.345229		76.868656		186.640489		374.323557		538.566655		638.487692		691.732380		718.933565		732.643140		739.520415		742.964063		
11.300000	0.737688		0.906340		1.800025		4.361492		12.126894		31.367811		72.579663		183.251637		374.124968		540.963998		642.249420		696.138119		723.643170		737.499008		744.447853		747.926878		
11.400000	0.567811		0.732755		1.599264		4.060150		11.346051		29.896073		70.260904		178.979839		362.265522		518.700648		612.098828		661.294547		686.265138		698.807416		705.088032		708.230099		
11.500000	0.395550		0.558009		1.439134		4.135941		11.756692		30.728998		71.721402		178.590128		353.958757		500.585710		586.927179		632.031752		654.821396		666.240652		671.951822		674.807210		
11.600000	0.247492		0.409193		1.340472		4.539759		13.248646		33.532390		76.490749		185.246439		364.162991		515.159242		604.755642		651.791919		675.624838		687.584988		693.571388		696.565583		
11.700000	0.155176		0.317661		1.316606		5.122401		15.331178		37.221495		82.411961		195.055572		384.076207		547.601220		646.385602		698.813668		725.539918		738.995023		745.740785		749.117605		
11.800000	0.143435		0.308509		1.375396		5.707779		17.356914		40.638045		87.385955		202.727663		397.075001		566.605048		669.627468		724.495865		752.519022		766.640931		773.724555		777.271403		
11.900000	0.220325		0.390504		1.516005		6.160731		18.761205		42.824370		89.799184		205.210238		395.416661		558.193767		655.861137		707.486049		733.743252		746.946314		753.561603		756.872066		
12.000000	0.375600		0.553087		1.721193		6.406234		19.203690		43.205772		88.738780		201.604567		382.838741		533.591018		622.265107		668.579040		691.979362		703.704761		709.569111		712.501105		
12.100000	0.586551		0.770978		1.954044		6.411586		18.609159		41.910915		85.290780		196.028515		375.449514		524.471915		611.957066		657.593957		680.636739		692.178953		697.950658		700.836074		
12.200000	0.826297		1.013093		2.167894		6.178386		17.152100		39.687897		82.320204		194.314806		383.051709		544.338215		640.823454		691.728320		717.593296		730.592410		737.103810		740.361855		
12.300000	1.070841		1.251767		2.326473		5.764742		15.232089		37.310037		81.680685		196.859428		394.665355		567.253538		671.973772		727.688199		756.127091		770.454223		777.639694		781.237262		
12.400000	1.301461		1.467360		2.419384		5.303225		13.430637		35.287279		82.940279		200.933493		398.075451		568.399692		671.228476		725.783828		753.588946		767.585687		774.602605		778.115060		
12.500000	1.500657		1.645063		2.459408		4.965878		12.370490		34.110155		84.798385		204.697892		393.986678		551.916851		645.249210		694.157300		718.916232		731.335415		737.550145		740.658183		
12.600000	1.646874		1.768483		2.464314		4.878580		12.460907		34.267500		86.361873		207.707274		391.859930		541.407513		628.331212		673.445627		696.164516		707.529036		713.207960		716.046003		
12.700000	1.717075		1.819854		2.441694		5.049405		13.671985		35.820311		86.945424		209.692661		399.482214		555.724716		647.465766		695.390465		719.614522		731.756215		737.829796		740.866673		
12.800000	1.698638		1.790328		2.392663		5.376169		15.529982		38.287662		86.365375		208.874186		409.426364		580.299318		682.783111		736.987019		764.571651		778.447192		785.400816		788.880958		
12.900000	1.600858		1.691522		2.328604		5.727473		17.367506		41.081102		86.110589		205.060339		407.525503		582.836036		688.784355		745.037972		773.722598		788.166037		795.407952		799.033307		
13.000000	1.455623		1.556715		2.279145		6.020609		18.632142		43.702515		88.499676		203.275669		396.364986		561.123631		659.540431		711.410985		737.750587		750.983844		757.611379		760.927240		
13.100000	1.306690		1.429585		2.279290		6.230987		19.033208		45.471031		93.611732		208.019299		391.082747		542.591964		631.307594		677.506792		700.809999		712.476279		718.308359		721.223533		
13.200000	1.194158		1.347401		2.345860		6.349259		18.524037		45.583666		98.578792		217.873992		401.442828		551.643524		639.258839		684.815697		707.779340		719.271950		725.016320		727.887432		
13.300000	1.141017		1.326964		2.462218		6.352572		17.261991		43.700297		100.277169		227.540489		423.363281		586.332185		682.921716		733.679347		759.421355		772.346884		778.818506		782.055921		
13.400000	1.147949		1.360444		2.582762		6.222711		15.607834		40.294219		97.257906		229.938908		436.895818		611.473724		716.046653		771.369358		799.533081		813.703150		820.805285		824.359993		
13.500000	1.200175		1.424901		2.656620		5.983456		14.097242		36.541084		90.171604		220.838813		425.640299		596.921692		698.780971		752.428417		779.671880		793.361093		800.217632		803.648253		
13.600000	1.281952		1.500006		2.656850		5.709280		13.291110		34.041098		82.507634		205.438361		398.857616		557.524882		650.237317		698.511831		722.867312		735.062745		741.160074		744.208029		
13.700000	1.386706		1.579899		2.593669		5.486433		13.514165		34.201603		79.689531		196.262880		382.076315		533.912231		622.044877		667.707942		690.677336		702.159958		707.896001		710.762103		
13.800000	1.514670		1.669987		2.502396		5.358716		14.647571		37.263739		84.778916		202.204904		391.888864		550.194078		643.526220		692.351385		717.044659		729.424654		735.618170		738.715193		
13.900000	1.662891		1.774680		2.420675		5.312696		16.167875		41.910348		95.319254		220.132410		420.255497		590.438653		692.501951		746.486036		773.959642		787.779550		794.705347		798.171575		
14.000000	1.818956		1.889339		2.375123		5.313001		17.432416		46.079801		105.456578		237.883142		441.855627		613.254815		715.730539		769.887887		797.443110		811.303032		818.248696		821.724830		
14.100000	1.963674		2.002166		2.381187		5.340273		17.984842		48.143196		110.198022		245.380670		442.958962		602.618544		695.818363		744.406816		768.947287		781.243524		787.393490		790.468343		
14.200000	2.080234		2.102756		2.448384		5.395327		17.675106		47.430625		107.403142		239.590726		429.827992		579.302467		664.649715		708.528090		730.515289		741.485830		746.960800		749.695135		
14.300000	2.164273		2.191079		2.584530		5.487037		16.629620		44.286420		98.635606		224.113183		414.157029		566.717996		654.686412		700.138079		722.972397		734.380679		740.077929		742.924240		
14.400000	2.227684		2.279660		2.793970		5.629894		15.211516		40.020511		89.356314		209.285150		405.565953		571.205363		669.654284		721.419847		747.676396		760.860625		767.461798		770.764021		
14.500000	2.290648		2.384245		3.067249		5.842830		13.968083		36.439746		85.509316		205.656638		406.278402		579.440314		683.953052		739.406703		767.673496		781.904010		789.038525		792.609953		
14.600000	2.365447		2.507929		3.369782		6.131664		13.464289		35.015646		88.688000		214.767210		411.555550		576.379083		674.423894		726.055289		752.271010		765.442522		772.039400		775.340006		
14.700000	2.444917		2.632186		3.643009		6.462279		14.003322		36.299578		95.863196		230.285823		421.269450		571.919384		658.462593		703.150693		725.601706		736.819468		742.421934		745.220995		
14.800000	2.505664		2.723613		3.822019		6.752014		15.409987		39.747266		102.622558		243.413240		436.125664		583.543344		666.607013		709.018597		730.194909		740.741468		745.999939		748.624915		
14.900000	2.522642		2.751010		3.859343		6.899449		17.090380		43.925635		105.518479		245.854243		446.741249		605.011728		695.906009		742.855321		766.450147		778.242000		784.131915		787.074783		
15.000000	2.483311		2.700297		3.741393		6.836276		18.355178		47.232295		103.850598		234.996424		439.766059		610.044470		710.916862		763.934994		790.830751		804.338181		811.101902		814.485640		
15.100000	2.393441		2.579785		3.490850		6.556437		18.735805		48.705693		100.889762		219.438443		415.063208		582.425029		682.843702		735.945139		762.963830		776.553208		783.363022		786.771085		
15.200000	2.273474		2.415456		3.156528		6.102626		18.084730		48.132183		100.974650		214.346814		394.683194		545.623982		634.829041		681.558877		705.209594		717.071352		723.006737		725.974970		
15.300000	2.148588		2.240041		2.797692		5.539613		16.531562		45.616462		104.270652		226.151388		402.347209		542.256552		622.548440		663.918205		684.668510		695.026571		700.196992		702.779501		
15.400000	2.038957		2.082475		2.471105		4.947636		14.462930		41.591068		106.602483		245.224737		434.836659		581.367796		664.622517		707.354746		728.754276		739.428797		744.755400		747.415487		
15.500000	1.957235		1.964252		2.225242		4.429195		12.507344		37.233556		104.354883		255.529738		464.581451		628.224475		722.456818		771.293206		795.892096		808.201719		814.354517		817.429833		
15.600000	1.914271		1.903301		2.099936		4.099223		11.362943		34.284058		97.598272		246.753602		462.047191		634.431165		734.967719		787.449833		813.989704		827.298221		833.957396		837.287612		
15.700000	1.925165		1.918164		2.125011		4.047198		11.459451		34.135615		90.079481		222.233751		421.658306		583.371147		677.710251		726.867573		751.689640		764.125756		770.345415		773.455052		
15.800000	2.006781		2.024505		2.312902		4.295950		12.702211		37.028522		87.806697		201.560029		377.605943		520.860456		603.890173		646.876728		668.491202		679.294284		684.690312		687.386380		
15.900000	2.167223		2.224818		2.648157		4.792106		14.540937		41.884387		94.715316		205.497256		373.738679		510.469148		589.694070		630.689184		651.293151		661.588271		666.729765		669.298443		
16.000000	2.395858		2.499773		3.082690		5.430503		16.296567		46.792977		108.039603		234.104597		416.173229		563.010721		648.597621		693.163848		715.655591		726.920409		732.553212		735.369159		
16.100000	2.661071		2.808098		3.542498		6.082968		17.443335		49.841561		119.764457		266.144166		468.828157		629.575288		723.133815		771.947448		796.627799		809.002950		815.194892		818.291397		
16.200000	2.917102		3.095696		3.944074		6.616691		17.693490		49.819713		122.644842		277.821353		487.655924		649.805588		742.666887		790.691763		814.862137		826.953221		832.995873		836.015924		
16.300000	3.116827		3.310036		4.214183		6.916431		17.008437		46.626659		114.525289		259.786801		457.141152		606.969523		691.080176		733.972868		755.381948		766.043535		771.359270		774.012828		
16.400000	3.224836		3.413864		4.306156		6.917400		15.645683		41.470363		99.811173		224.012767		402.027964		540.589455		618.857276		658.786326		678.702565		688.614812		693.555121		696.020773		
16.500000	3.224716		3.392209		4.206976		6.627942		14.141434		36.638147		87.923926		197.677754		366.647232		505.951537		587.453206		629.870394		651.257228		661.961553		667.312048		669.986321		
16.600000	3.118024		3.250488		3.933444		6.117365		13.088567		34.440257		86.742648		201.812087		378.671598		527.501067		616.441134		663.403437		687.281990		699.287849		705.303090		708.313233		
16.700000	2.919164		3.008501		3.523674		5.476533		12.793135		35.813554		96.015787		231.474635		424.152887		579.290689		670.400476		718.180925		742.406073		754.570612		760.661693		763.708903		
16.800000	2.652385		2.697054		3.032596		4.790260		13.104289		39.787708		108.572330		262.059119		463.692364		614.539611		699.098484		742.292324		763.886422		774.651149		780.021366		782.702925		
16.900000	2.351812		2.357705		2.531142		4.143277		13.589326		44.205310		116.640554		271.945818		470.604077		613.442973		690.730034		729.273649		748.273220		757.672227		762.342396		764.669629		
17.000000	2.060353		2.040562		2.100108		3.631369		13.860065		46.990994		116.504776		255.688741		442.612618		582.885765		660.572886		699.780385		719.224089		728.872061		733.673249		736.067600		
17.100000	1.824133		1.796717		1.814155		3.343020		13.739951		47.069894		110.335484		227.206594		399.360937		541.125852		624.502984		668.083495		690.114965		701.157983		706.681984		709.444055		
17.200000	1.682680		1.666659		1.721376		3.321563		13.236324		44.548909		104.167607		211.885051		375.991302		517.455619		603.430697		649.265762		672.691266		684.500741		690.425617		693.392569		
17.300000	1.658013		1.668869		1.827990		3.542626		12.495421		40.432202		101.873755		222.644657		392.244144		529.743704		610.862792		653.502992		675.147121		686.021913		691.468763		694.194074		
17.400000	1.747413		1.793851		2.096371		3.925740		11.802725		36.311270		102.090678		246.771429		432.494956		567.973058		642.426904		679.979221		698.617210		707.872223		712.479984		714.778457		
17.500000	1.924504		2.007725		2.459605		4.372420		11.520666		34.000737		101.875187		261.313803		463.391705		605.432564		680.893749		718.078430		736.280536		745.250931		749.699307		751.913771		
17.600000	2.148885		2.264045		2.844244		4.800838		11.887676		34.734877		100.530828		253.094293		457.046206		608.274294		691.628512		733.630204		754.449313		764.778095		769.917786		772.480890		
17.700000	2.378269		2.516330		3.185754		5.151035		12.809215		38.261981		99.681003		227.693816		411.806656		561.092224		648.597483		694.337700		717.473629		729.075106		734.879902		737.782764		
17.800000	2.576149		2.724754		3.430850		5.370066		13.874557		42.900194		102.156913		208.381547		364.408630		497.440391		578.143145		621.172650		643.171702		654.264733		659.830938		662.618489		
17.900000	2.713676		2.857631		3.536569		5.406658		14.600404		46.591815		109.355876		217.248731		362.923350		479.679497		548.107121		583.931872		602.075455		611.180492		615.738094		618.017755		
18.000000	2.769611		2.892588		3.476373		5.225489		14.652425		47.839630		117.973788		250.146620		415.450737		534.560296		599.223831		631.541655		647.491499		655.386836		659.311146		661.267026		
18.100000	2.732250		2.820301		3.251940		4.830638		13.922353		46.019766		121.492282		278.366984		475.887439		615.644209		690.207135		727.027900		745.070709		753.967148		758.379963		760.576999		
18.200000	2.603523		2.649292		2.901209		4.283237		12.560763		41.541477		115.668871		275.893556		486.581269		643.164733		729.984506		773.942476		795.796524		806.656879		812.065856		814.764474		
18.300000	2.402124		2.407599		2.493164		3.695105		10.995042		36.065581		102.413644		241.304181		430.797314		580.374595		667.199257		712.424140		735.268218		746.716764		752.443554		755.307055		
18.400000	2.161618		2.137479		2.106667		3.188621		9.798763		32.121798		89.714062		200.753031		351.923448		474.492247		547.127000		585.430415		604.909013		614.705339		619.614487		622.071388		
18.500000	1.921348		1.883048		1.803334		2.844411		9.378668		31.704156		86.650696		189.721321		323.974573		427.597122		486.882565		517.493663		532.880701		540.572161		544.414462		546.334385		
18.600000	1.713001		1.676070		1.611276		2.678399		9.724151		34.845409		95.510802		218.387089		376.655267		492.000662		554.817169		586.225268		601.723342		609.393456		613.205301		615.104984		
18.700000	1.550488		1.527767		1.527262		2.662842		10.479757		39.672269		109.783499		259.740974		457.087634		601.758832		680.813914		720.430465		740.005388		749.700405		754.520470		756.923098		
18.800000	1.430042		1.431139		1.529521		2.759734		11.236152		43.802804		120.582514		279.560031		489.586963		647.784982		736.525109		781.804658		804.417580		815.682571		821.300228		824.104783		
18.900000	1.340376		1.371559		1.589676		2.931304		11.713928		45.510899		122.602865		265.941339		448.453630		587.757710		667.408520		708.610062		729.353330		739.732353		744.920037		747.512955		
19.000000	1.274686		1.337701		1.678303		3.128798		11.758027		44.082875		115.730795		233.433239		373.335180		478.200344		537.855526		568.656924		584.151856		591.901971		595.774970		597.710608		
19.100000	1.235081		1.325290		1.765515		3.286174		11.326462		40.006561		104.690158		211.171198		336.926342		428.702397		479.473842		505.177787		517.958265		524.310091		527.473767		529.052214		
19.200000	1.227165		1.332893		1.822598		3.338729		10.559824		35.070498		95.851701		215.944903		371.924168		487.762520		551.684788		583.892349		599.851435		607.766985		611.705209		613.668987		
19.300000	1.250554		1.355452		1.828809		3.257992		9.789865		31.726334		92.901048		235.192561		431.925669		581.819352		665.927200		708.765675		730.127101		740.758726		746.057818		748.702622		
19.400000	1.293684		1.381889		1.779464		3.069325		9.355921		31.669073		95.841342		246.319926		451.197325		607.597174		696.159508		741.625295		764.411811		775.785054		781.462356		784.298132		
19.500000	1.337617		1.398977		1.687330		2.832161		9.361463		34.709606		102.324665		241.506800		415.532912		543.923872		615.767051		652.497042		670.877024		680.045147		684.620443		686.905484		
19.600000	1.366503		1.398747		1.575652		2.604521		9.635311		38.981265		109.120717		229.815905		365.629000		460.419049		511.739379		537.476318		550.219074		556.539685		559.684840		561.253322		
19.700000	1.376685		1.383866		1.469157		2.423469		9.910601		42.218233		113.951892		227.139975		355.449118		446.170095		495.269738		519.788054		531.883400		537.869258		540.844079		542.326629		
19.800000	1.376607		1.365891		1.387963		2.305419		9.990204		42.909747		115.725437		239.296311		396.155502		514.862288		581.510038		615.461262		632.388846		640.812506		645.010680		647.105895		
19.900000	1.376368		1.355735		1.343490		2.252351		9.794632		40.734983		113.288539		252.180094		439.105313		584.387608		667.443306		710.252546		731.743396		742.477784		747.837990		750.515810		
20.000000	1.374849		1.352485		1.334456		2.253299		9.369310		36.599685		106.468182		249.337694		434.946116		575.327991		654.774651		695.596104		716.070497		726.294481		731.399404		733.949621		
20.100000	1.355483		1.339757		1.344826		2.281533		8.877985		32.407585		97.742890		231.748269		390.563326		502.090131		562.521735		592.851090		607.877268		615.333576		619.044725		620.895696		
20.200000	1.295119		1.293584		1.347345		2.297787		8.528533		30.296108		91.534598		213.527650		351.408915		443.828601		492.051832		515.648267		527.165264		532.833789		535.643101		537.041214		
20.300000	1.179805		1.196947		1.313923		2.265674		8.436132		31.372097		91.908631		209.199669		352.243881		455.160832		511.171369		539.208965		553.057152		559.914671		563.323742		565.022973		
20.400000	1.015736		1.051015		1.228824		2.169833		8.543162		34.864206		99.452179		222.698226		388.162548		517.205876		591.046978		629.095317		648.187570		657.720885		662.480466		664.857996		
20.500000	0.827637		0.875707		1.097079		2.023873		8.688525		38.685991		109.885806		241.470098		417.739319		556.542097		636.846295		678.557612		699.589244		710.118865		715.383183		718.014718		
20.600000	0.646339		0.699666		0.941910		1.863545		8.730906		40.848268		117.288487		250.822953		411.608623		529.958878		596.213626		630.091673		647.044355		655.500224		659.719963		661.827394		
20.700000	0.494270		0.546348		0.791644		1.728242		8.594245		40.321777		117.920637		249.270485		389.208332		481.208729		528.959402		552.306620		563.705151		569.317281		572.099273		573.483966		
20.800000	0.378444		0.425614		0.665468		1.641770		8.273101		37.181752		110.864824		240.336853		379.729971		470.713754		517.253064		539.716257		550.589690		555.916888		558.550627		559.859724		
20.900000	0.295372		0.336621		0.569285		1.605091		7.866832		32.725707		98.801721		226.332636		383.394820		497.874647		560.803662		592.505186		608.220019		616.017094		619.897176		621.832179		
21.000000	0.243202		0.278936		0.504045		1.603474		7.572344		29.278815		88.455246		213.327142		385.441708		521.394748		599.925938		640.638927		661.140438		671.396916		676.522604		679.084304		
21.100000	0.229962		0.261114		0.476602		1.619385		7.552028		28.881290		86.430747		207.229099		371.981849		501.931760		577.285230		616.503826		636.304365		646.224948		651.186721		653.667521		
21.200000	0.269749		0.297720		0.500686		1.642583		7.785050		31.654433		93.872571		211.781699		352.078343		452.792575		508.249736		536.345774		550.336613		557.297621		560.766951		562.498498		
21.300000	0.369833		0.396645		0.585833		1.672416		8.091697		35.762534		105.930647		228.276301		358.135778		441.775266		484.289092		504.764498		514.669446		519.521373		521.920056		523.112311		
21.400000	0.519744		0.547604		0.724075		1.710136		8.288003		38.949073		115.707568		247.704535		393.482516		491.182783		542.018270		566.799663		578.860682		584.786696		587.720818		589.180314		
21.500000	0.690837		0.721164		0.886719		1.748990		8.266818		39.725222		118.248010		255.419804		422.321742		545.585622		614.155747		648.963962		666.293948		674.912407		679.206402		681.349136		
21.600000	0.846373		0.879245		1.035569		1.776268		7.984576		37.617425		112.147920		244.562582		414.000368		545.698338		621.604509		660.969864		680.803342		690.729197		695.690668		698.170564		
21.700000	0.956319		0.990968		1.141683		1.789267		7.484380		33.356009		100.007455		219.575110		366.371811		477.589366		541.102294		573.944828		590.477018		598.748288		602.882277		604.948486		
21.800000	1.008556		1.044437		1.198186		1.808881		6.960186		28.997444		88.448507		198.228575		320.558913		404.186015		448.889509		471.161334		482.152392		487.595264		490.301460		491.650488		
21.900000	1.009402		1.046800		1.217335		1.870762		6.710045		27.005110		84.441113		198.701814		326.945557		411.426884		454.797372		475.781277		485.954325		490.942845		493.410338		494.637111		
22.000000	0.973265		1.012964		1.214538		1.992788		6.922047		28.493787		89.722250		217.016069		374.619570		486.942654		547.535351		577.704629		592.562162		599.908264		603.557370		605.375526		
22.100000	0.910454		0.953020		1.194041		2.148694		7.504080		32.406338		100.314548		234.927833		410.965724		545.064776		620.855758		659.667755		679.082887		688.762361		693.591150		696.002310		
22.200000	0.823785		0.869443		1.149867		2.280613		8.163144		36.452891		110.243450		240.388984		403.854804		529.623911		601.822348		639.206913		658.030504		667.448346		672.155283		674.507812		
22.300000	0.715100		0.764497		1.079145		2.339894		8.617317		38.603325		114.657616		232.890944		361.339382		453.061005		504.043862		530.066430		543.081503		549.572198		552.811037		554.428538		
22.400000	0.593310		0.648312		0.992375		2.314660		8.715839		37.910878		111.709461		223.410588		331.527273		400.127252		435.306479		452.426301		460.767066		464.869616		466.902309		467.913807		
22.500000	0.476464		0.539863		0.910790		2.223418		8.440390		34.740896		103.010204		221.464519		349.673446		434.805695		479.021696		500.584800		511.086374		516.248584		518.805221		520.077134		
22.600000	0.387035		0.461028		0.855241		2.091687		7.874970		30.659938		92.535394		221.537386		386.692176		508.213164		575.198183		608.984915		625.744355		634.062599		638.202775		640.267676		
22.700000	0.343780		0.428395		0.837501		1.941629		7.182049		27.759866		85.388950		215.271574		394.597085		533.680114		612.941393		653.711079		674.154254		684.359013		689.453118		691.997586		
22.800000	0.354637		0.447560		0.860229		1.804826		6.569110		27.428353		85.575340		204.612579		360.520218		480.299028		548.738270		584.073204		601.837238		610.717928		615.154632		617.371653		
22.900000	0.415315		0.513303		0.923078		1.735602		6.235387		29.443544		92.998638		199.853662		316.168828		397.291846		441.584003		463.957258		475.084701		480.617948		483.374947		484.750787		
23.000000	0.515494		0.616033		1.027839		1.796577		6.307973		32.328085		103.240206		211.192288		315.358425		381.430448		415.299938		431.771512		439.792035		443.735688		445.689268		446.661297		
23.100000	0.647797		0.749455		1.177088		2.020767		6.779307		34.469084		110.460866		233.772528		366.531316		457.104674		505.284160		529.144144		540.866833		546.656526		549.530950		550.962743		
23.200000	0.810822		0.912040		1.366911		2.383251		7.487393		34.843497		110.509571		247.853796		416.410654		541.027054		610.345943		645.531143		663.048045		671.759289		676.099473		678.265248		
23.300000	1.003645		1.101448		1.581886		2.808934		8.193940		33.303049		102.643867		238.220034		413.564039		547.163229		622.887393		661.758500		681.232592		690.949655		695.799356		698.221514		
23.400000	1.218087		1.308553		1.799287		3.210314		8.722711		30.826109		90.664871		207.676911		352.959676		461.075496		521.835694		552.939081		568.507461		576.273198		580.148531		582.083945		
23.500000	1.435622		1.516287		1.998746		3.523307		9.026577		29.199138		82.363490		179.655000		287.691041		362.208184		402.417481		422.574338		432.556488		437.508916		439.973616		441.202855		
23.600000	1.630125		1.702535		2.167048		3.715485		9.118145		29.634138		84.040235		180.377479		285.574581		357.070213		395.118648		414.002628		423.297744		427.893823		430.177126		431.314860		
23.700000	1.774373		1.844590		2.294944		3.774273		8.983586		31.618670		94.107432		208.466811		346.096542		446.274073		501.519289		529.431521		543.293838		550.178997		553.607186		555.317320		
23.800000	1.847951		1.924563		2.373801		3.702899		8.615578		33.543203		105.003451		238.095196		406.889689		534.541399		606.492019		643.283578		661.673109		670.837293		675.407991		677.690017		
23.900000	1.842995		1.934156		2.398736		3.532932		8.094418		34.115620		110.059581		246.924675		415.240205		541.463238		612.607015		649.039757		667.271769		676.364084		680.900748		683.166255		
24.000000	1.764244		1.875778		2.374661		3.332934		7.583330		32.903013		106.418973		229.908940		365.925281		461.777078		514.303754		540.857274		554.063868		560.630257		563.901743		565.534245		
24.100000	1.625089		1.760417		2.318076		3.192510		7.252911		30.302212		95.548593		201.140414		307.012201		376.440945		412.981756		431.062713		439.955961		444.352645		446.536844		447.625201		
24.200000	1.445721		1.606547		2.252842		3.186450		7.220452		27.587121		83.657486		182.972589		293.435580		370.267270		411.816513		432.631481		442.929044		448.034253		450.573914		451.840251		
24.300000	1.254739		1.440745		2.202071		3.342121		7.526770		26.455007		78.482571		186.090633		327.983924		435.927125		496.805396		527.932100		543.488122		551.239607		555.105531		557.035634		
24.400000	1.088883		1.295943		2.180045		3.629212		8.116985		27.758240		83.059607		202.697062		369.422358		500.034063		574.788960		613.306081		632.633254		642.283889		647.102065		649.508872		
24.500000	0.987005		1.205616		2.190064		3.975766		8.833412		30.716090		93.658771		216.911726		376.737900		498.691199		567.854647		603.368438		621.163429		630.043440		634.475578		636.689237		
24.600000	0.980469		1.196584		2.229782		4.299241		9.469147		33.592643		103.624913		220.581612		348.270737		437.656088		486.422435		511.009135		523.219244		529.285354		532.306352		533.813544		
24.700000	1.084082		1.282716		2.297172		4.532038		9.853348		34.884192		107.618017		218.143728		323.781570		391.906389		427.541036		445.121548		453.755112		458.019885		460.137648		461.192671		
24.800000	1.290399		1.460246		2.390591		4.630586		9.895244		33.943999		103.408685		214.444643		330.151958		409.466846		452.288336		473.746545		484.365939		489.631805		492.251682		493.558094		
24.900000	1.570467		1.707355		2.506559		4.580362		9.592265		31.201421		92.950547		208.636783		353.568044		462.925728		524.637352		556.231557		572.035374		579.914328		583.844879		585.807518		
25.000000	1.882979		1.990922		2.642121		4.409239		9.037964		28.105098		81.997065		199.144406		363.336631		492.698044		567.031123		605.421996		624.711161		634.349507		639.163266		641.568303		
25.100000	2.187093		2.277057		2.799584		4.195675		8.410649		26.365277		76.938430		187.634475		340.442037		459.304595		527.184198		562.145826		579.690146		588.451520		592.826055		595.011346		
25.200000	2.449863		2.537333		2.985596		4.051015		7.922814		26.748529		80.666338		182.362660		304.567788		393.532318		442.841920		467.879853		480.356521		486.565472		489.660187		491.204799		
25.300000	2.645699		2.748211		3.203354		4.078107		7.754105		28.626706		90.477243		191.938314		298.195237		370.639085		409.612400		429.113010		438.757946		443.539464		445.918123		447.104194		
25.400000	2.754421		2.889130		3.444191		4.328769		7.985155		30.679722		99.920162		211.935171		331.777125		415.834606		461.820532		485.026712		496.552997		502.279192		505.130773		506.553396		
25.500000	2.763802		2.944421		3.684447		4.784531		8.559279		31.760720		103.269276		227.537833		375.503062		486.019661		548.360808		580.305246		596.295335		604.270423		608.249810		610.237063		
25.600000	2.675434		2.908642		3.890102		5.370035		9.323693		31.315536		98.370480		225.297091		388.415534		514.028969		585.793956		622.795283		641.375131		650.656802		655.291927		657.607599		
25.700000	2.509106		2.791739		4.026737		5.981279		10.127701		29.693008		87.405628		202.075306		350.616680		463.820159		528.007926		560.968266		577.484817		585.727205		589.841192		591.895974		
25.800000	2.302301		2.620647		4.068989		6.503104		10.868803		28.202496		77.089248		173.171500		292.244152		379.916639		428.690383		453.486677		465.848297		472.001026		475.067935		476.598719		
25.900000	2.102622		2.434382		4.005594		6.816799		11.434005		28.203535		75.090870		163.240956		268.785332		345.449179		387.835216		409.311673		419.998495		425.312401		427.959840		429.280911		
26.000000	1.953136		2.271975		3.840802		6.822667		11.644786		29.741972		82.827823		180.921697		301.462737		391.883263		442.857957		468.955980		482.012430		488.522373		491.770165		493.391936		
26.100000	1.877419		2.159207		3.595308		6.485635		11.348800		31.515290		93.982272		210.401259		359.028517		474.090605		540.137456		574.283753		591.454741		600.038948		604.327371		606.470235		
26.200000	1.875083		2.103984		3.307480		5.871940		10.580219		32.203683		100.937410		228.343044		389.585973		513.908043		585.176973		622.011110		640.532760		649.792257		654.418092		656.729575		
26.300000	1.930791		2.103138		3.031839		5.138381		9.573027		31.309592		99.633116		222.330038		368.155789		475.882517		536.261677		567.107872		582.526828		590.212032		594.045561		595.959678		
26.400000	2.027626		2.152562		2.830755		4.475225		8.609248		29.056344		90.323750		197.158606		316.703438		400.840735		446.667627		469.711868		481.134151		486.802451		489.623604		491.030644		
26.500000	2.153878		2.250924		2.759436		4.042682		7.889416		26.264526		77.982622		170.748641		279.395683		357.728330		400.858300		422.654420		433.483575		438.863704		441.542948		442.879585		
26.600000	2.300979		2.395529		2.850520		3.939323		7.541561		24.253594		70.532320		162.460166		286.404846		383.562444		439.442665		468.335214		482.861849		490.123104		493.750329		495.562725		
26.700000	2.457485		2.575590		3.105155		4.204113		7.679291		24.139531		72.692023		175.823312		325.371599		447.541592		519.322412		556.854072		575.834691		585.350759		590.111564		592.492191		
26.800000	2.604739		2.768328		3.490863		4.819765		8.364534		25.962912		82.048498		196.248197		353.516879		479.251010		552.463995		590.586016		609.826480		619.463250		624.282060		626.691099		
26.900000	2.718859		2.941833		3.944474		5.697659		9.497366		28.675185		92.004350		208.691308		349.058372		453.255801		511.737726		541.622716		556.561179		564.006599		567.720407		569.574712		
27.000000	2.781033		3.066266		4.383161		6.669871		10.790003		30.872967		96.563706		208.291613		326.963901		407.949551		451.296457		472.876233		483.513550		488.776822		491.392420		492.695933		
27.100000	2.789940		3.127706		4.725064		7.524296		11.889262		31.569435		93.163624		197.907269		312.041208		391.708748		434.951468		456.649819		467.390953		472.717315		475.367245		476.688620		
27.200000	2.764523		3.133463		4.911619		8.075088		12.539514		30.692210		84.104408		184.928929		316.567855		419.530384		478.933358		509.727436		525.234572		532.992616		536.869745		538.807453		
27.300000	2.732540		3.103973		4.920737		8.223471		12.656623		29.075804		75.436848		175.516044		327.081258		453.761432		529.026993		568.604580		588.678086		598.756954		603.803084		606.327334		
27.400000	2.713523		3.058507		4.767017		7.974942		12.299930		27.781671		72.753427		172.215093		322.555147		447.065372		520.538473		559.017449		578.490746		588.256984		593.143710		595.587490		
27.500000	2.708546		3.005329		4.491400		7.413433		11.609098		27.297190		76.975593		176.405491		306.809232		406.885583		463.675593		492.810409		507.396711		514.671564		518.301435		520.114105		
27.600000	2.701777		2.940706		4.146066		6.660024		10.749658		27.425481		84.159886		186.692072		301.418312		381.548272		424.788354		446.376458		457.029247		462.302474		464.923522		466.229868		
27.700000	2.670966		2.855277		3.782988		5.846872		9.872387		27.679502		89.078680		197.711172		318.519702		404.256081		451.303597		475.063078		486.866111		492.729958		495.650088		497.106905		
27.800000	2.601068		2.744222		3.451194		5.111428		9.095909		27.556008		88.464366		202.449185		346.431728		458.373581		523.071362		556.684475		573.635982		582.123631		586.367239		588.488582		
27.900000	2.493455		2.614910		3.197216		4.587349		8.513453		26.773476		82.147809		193.959090		352.602263		482.644051		559.476908		599.801099		620.237466		630.494996		635.629745		638.198123		
28.000000	2.364061		2.485233		3.059177		4.376622		8.201340		25.598501		73.765536		173.913996		320.823319		441.041379		511.540713		548.334565		566.920183		576.232084		580.889127		583.217454		
28.100000	2.232151		2.373305		3.054390		4.517946		8.214256		24.748583		69.308201		157.615964		278.736327		373.011536		426.587691		454.043368		467.774032		474.617390		478.030644		479.734794		
28.200000	2.110441		2.288045		3.169805		4.972506		8.567246		24.695186		71.885453		159.887518		269.103441		349.828114		394.539624		417.145748		428.371387		433.945814		436.720988		438.105257		
28.300000	2.005327		2.229050		3.363556		5.632369		9.221960		25.260938		78.604212		178.894282		303.553901		398.400227		452.382410		480.172878		494.117602		501.081293		504.558233		506.295129		
28.400000	1.924716		2.194541		3.579113		6.348036		10.093026		26.040203		84.100855		199.153595		351.369876		472.885427		544.087985		581.347357		600.207889		609.669421		614.404519		616.772705		
28.500000	1.883669		2.189151		3.765915		6.966727		11.049342		26.799340		84.805559		204.234318		367.202832		498.286398		575.123215		615.301025		635.626379		645.818985		650.918931		653.469324		
28.600000	1.901619		2.224683		3.895494		7.367556		11.902831		27.389927		80.148133		188.385223		333.915721		447.670882		512.878891		546.508566		563.390519		571.821793		576.031561		578.134540		
28.700000	1.992274		2.312564		3.964325		7.483915		12.435040		27.730926		73.120567		163.073289		280.965603		369.982478		419.645482		444.821301		457.336174		463.553661		466.649633		468.194074		
28.800000	2.151442		2.451692		3.983431		7.310942		12.473817		27.924479		69.217089		149.827772		258.875011		343.296438		391.144386		415.627492		427.861292		433.955890		436.994982		438.512144		
28.900000	2.350001		2.619233		3.962786		6.897082		11.958242		28.019224		71.725066		159.766497		287.522262		392.939425		455.276418		487.984398		504.555741		512.871640		517.033970		519.115825		
29.000000	2.538780		2.772583		3.901434		6.324891		10.952280		27.695831		78.188032		182.561230		335.443038		463.506372		540.079368		580.523015		601.087678		611.427044		616.607183		619.199380		
29.100000	2.665313		2.864221		3.790851		5.695806		9.636556		26.512044		82.908770		198.194724		356.961413		484.739079		559.479974		598.489286		618.200507		628.078730		633.019683		635.490133		
29.200000	2.693051		2.861187		3.629492		5.125463		8.309117		24.434847		81.771899		194.684022		336.375241		442.492194		501.861778		532.064872		547.114744		554.601874		558.332781		560.194664		
29.300000	2.611298		2.756450		3.434454		4.732970		7.349340		22.050099		74.671572		175.702882		297.093251		384.432243		431.956387		455.725420		467.456224		473.262336		476.147910		477.585993		
29.400000	2.432148		2.565955		3.236775		4.608282		7.087365		20.359133		65.457798		155.669443		276.031634		369.522463		422.877054		450.321094		464.077983		470.943310		474.369861		476.081249		
29.500000	2.180338		2.316592		3.063080		4.770680		7.636440		20.315449		60.149959		147.825631		285.324704		402.950167		473.700270		511.142869		530.196530		539.779512		544.581469		546.984607		
29.600000	1.884231		2.035267		2.919812		5.149152		8.817803		22.179797		62.783965		155.917377		307.549917		439.393224		519.251346		561.651073		583.261045		594.138082		599.590562		602.319773		
29.700000	1.572382		1.745624		2.793368		5.602657		10.239614		25.164785		71.486232		172.299902		320.713059		442.357710		513.696991		550.912156		569.702971		579.115275		583.821861		586.174781		
29.800000	1.275277		1.471920		2.665630		5.970208		11.463027		27.924365		80.166042		184.549688		317.176326		415.917580		470.665436		498.330317		512.059087		518.873563		522.265247		523.956812		
29.900000	1.027122		1.243408		2.532509		6.123972		12.128027		29.327438		83.747284		187.164727		310.321356		398.674914		446.738565		470.784044		482.654361		488.530488		491.451126		492.906753		
30.000000	0.861560		1.091400		2.410370		6.004740		12.012362		28.764058		80.428287		181.328018		313.645213		416.807436		476.109397		506.775754		522.196808		529.905961		533.757150		535.681511		
30.100000	0.800838		1.037668		2.324285		5.634005		11.099033		26.295799		71.675531		168.129237		315.462394		440.842996		516.221645		556.122224		576.430922		586.646436		591.765711		594.327744		
30.200000	0.845550		1.082325		2.288227		5.103044		9.639065		22.880458		62.421692		153.356412		302.813630		432.692533		511.137514		552.694081		573.845712		584.484174		589.814997		592.482785		
30.300000	0.973192		1.201687		2.295728		4.543788		8.094617		20.066381		58.370911		147.222111		285.063319		399.103651		465.845499		500.557108		518.047379		526.797776		531.170586		533.355924		
30.400000	1.146833		1.358330		2.328439		4.092379		6.940081		18.979226		61.125484		153.206493		278.760262		374.544284		428.048323		455.151024		468.612980		475.297496		478.625044		480.284751		
30.500000	1.327754		1.515485		2.371328		3.855876		6.464044		19.608531		67.392675		166.811000		294.805998		390.891801		444.555117		471.813195		485.382960		492.130345		495.491746		497.169006		
30.600000	1.484891		1.646502		2.419240		3.889165		6.718428		21.147168		72.429706		179.193165		324.461316		440.084777		507.366280		542.403597		560.090098		568.949523		573.379900		575.594824		
30.700000	1.597453		1.735679		2.470819		4.184403		7.590352		22.769772		73.162473		179.802620		336.382649		466.993821		544.807975		585.816376		606.642892		617.107250		622.348305		624.970552		
30.800000	1.651913		1.773137		2.516959		4.666985		8.859579		23.996246		69.796927		167.112051		315.320140		439.604320		513.323473		552.000680		571.586558		581.411559		586.328160		588.786985		
30.900000	1.638326		1.750178		2.534979		5.197201		10.196956		24.620447		65.286866		151.660386		281.144642		386.280505		447.018880		478.351544		494.065830		501.908031		505.821899		507.776581		
31.000000	1.550785		1.660432		2.496048		5.596042		11.202373		24.632829		62.814485		145.504787		264.932497		358.905050		412.163783		439.338309		452.885974		459.625743		462.983999		464.659826		
31.100000	1.392298		1.506092		2.382241		5.707176		11.544550		24.242627		63.592632		153.114634		282.910165		386.923047		447.050042		478.165153		493.809073		501.627871		505.533258		507.484539		
31.200000	1.179181		1.302740		2.199110		5.466522		11.110003		23.734215		66.428265		167.427201		318.104236		442.608281		516.233875		554.872124		574.451589		584.278220		589.197049		591.657367		
31.300000	0.939245		1.076628		1.972794		4.930550		10.045005		23.175247		68.690154		175.008466		334.011464		465.702015		543.594918		584.458438		605.158787		615.545825		620.744573		623.344745		
31.400000	0.703217		0.855290		1.735452		4.243647		8.677087		22.412546		68.239549		169.491969		316.668812		435.495648		504.413511		540.118655		558.077142		567.053933		571.537944		573.778374		
31.500000	0.495161		0.658571		1.512086		3.571218		7.370620		21.379417		65.084916		156.121652		284.865801		385.896962		443.163924		472.391523		486.965077		494.215814		497.828822		499.631813		
31.600000	0.328555		0.496433		1.317652		3.046516		6.404586		20.237635		61.417233		146.007777		268.141551		365.458766		421.166158		449.770746		464.083125		471.217214		474.775548		476.552133		
31.700000	0.209629		0.373825		1.163444		2.756958		5.946977		19.227357		59.542478		147.284926		281.477401		393.359436		459.471841		494.094187		511.611476		520.395148		524.789762		526.987320		
31.800000	0.143499		0.297123		1.063521		2.748957		6.089856		18.607437		59.634004		156.400973		308.104247		436.395322		512.961611		553.304231		573.785583		584.074152		589.226501		591.804191		
31.900000	0.136825		0.275707		1.032422		3.017591		6.837294		18.758286		60.540831		162.641500		318.497922		447.112478		522.683852		562.141906		582.074706		592.061554		597.056094		599.553134		
32.000000	0.194214		0.316953		1.075458		3.486196		8.028400		19.947528		61.709036		161.425405		305.757180		419.748594		484.763197		518.100197		534.770805		543.078224		547.221288		549.289693		
32.100000	0.311104		0.418599		1.181293		4.011417		9.310158		21.834632		62.729332		155.797808		286.850819		388.141948		445.007862		473.875572		488.228448		495.358751		498.909044		500.680056		
32.200000	0.469450		0.564830		1.324169		4.430949		10.261862		23.554387		62.977644		150.370054		279.460293		383.492564		443.549382		474.559719		490.126481		497.899582		501.780227		503.718650		
32.300000	0.641208		0.729819		1.473900		4.629625		10.601863		24.410051		62.953212		149.702017		288.058995		405.817839		476.116998		513.127712		531.905056		541.333857		546.054617		548.416117		
32.400000	0.798570		0.886989		1.606385		4.579992		10.294231		24.208873		63.565696		154.817586		302.757440		429.398257		505.188742		545.138510		565.419063		575.605712		580.706666		583.258543		
32.500000	0.923974		1.017856		1.708386		4.334215		9.489183		23.000848		63.937665		159.818115		307.589824		429.232148		500.275470		537.194780		555.791543		565.094258		569.742792		572.065856		
32.600000	1.012546		1.114262		1.774681		3.985386		8.421887		20.993708		62.400708		159.059338		298.441420		407.487690		469.134766		500.556388		516.214137		524.001956		527.882023		529.818143		
32.700000	1.065582		1.173105		1.801609		3.632528		7.376680		18.806742		59.009931		153.922904		288.511428		392.653749		451.200472		480.958139		495.765742		503.125471		506.790943		508.619655		
32.800000	1.081261		1.189197		1.783739		3.361091		6.654593		17.353337		55.429008		147.981899		286.778383		399.199328		464.407460		498.194806		515.191490		523.688534		527.933211		530.054141		
32.900000	1.050978		1.153265		1.716102		3.228401		6.469477		17.235936		53.499830		143.751718		288.972925		412.025076		485.273477		523.780444		543.302673		553.101954		558.007317		560.460941		
33.000000	0.965082		1.057553		1.598756		3.248652		6.843771		18.367286		54.394048		143.808085		290.709220		415.642151		489.896673		528.860472		548.589728		558.485888		563.437869		565.914327		
33.100000	0.824252		0.905600		1.440752		3.386902		7.609275		20.131344		57.816171		147.977993		289.767460		406.229843		473.827036		508.788013		526.347360		535.117140		539.495710		541.682926		
33.200000	0.647859		0.719257		1.262740		3.572328		8.502046		21.760246		61.795436		153.489533		288.369864		394.589262		454.685281		485.304179		500.555438		508.138995		511.916713		513.801610		
33.300000	0.472012		0.536618		1.096591		3.728485		9.264083		22.651411		63.891828		157.960501		293.744597		400.448213		461.024566		491.994306		507.455605		515.153678		518.991130		520.906524		
33.400000	0.336688		0.399583		0.978882		3.803409		9.700926		22.554896		62.698823		158.030367		301.163802		417.618370		485.412485		520.622229		538.358289		547.231377		551.665569		553.881617		
33.500000	0.269452		0.337388		0.938555		3.783179		9.713713		21.645456		58.753813		152.344331		300.057198		423.386260		496.186059		534.282192		553.549326		563.208441		568.040554		570.456761		
33.600000	0.276923		0.356961		0.985355		3.688521		9.328278		20.452657		54.252007		144.186015		290.270074		412.111142		483.578318		520.789037		539.550411		548.939995		553.633082		555.978699		
33.700000	0.349234		0.446028		1.106205		3.561611		8.690481		19.599759		51.838997		137.989541		276.901273		390.367704		455.733943		489.366702		506.208056		514.605537		518.794668		520.886350		
33.800000	0.471807		0.584660		1.271489		3.448527		7.997585		19.390021		53.067103		138.470839		271.747575		378.620201		439.503820		470.625935		486.153851		493.881617		497.732857		499.654862		
33.900000	0.633885		0.755611		1.447865		3.386006		7.421563		19.561010		56.853560		146.554661		283.749310		394.510725		458.267644		491.112254		507.577074		515.792481		519.892356		521.939882		
34.000000	0.828037		0.946923		1.610772		3.399456		7.095568		19.596325		60.074781		155.170854		300.005630		418.724622		488.072148		524.149928		542.339109		551.442950		555.993486		558.267937		
34.100000	1.043171		1.147041		1.748447		3.503791		7.127666		19.268061		60.345137		157.863597		306.171530		427.727754		498.750407		535.705836		554.339100		563.665602		568.327532		570.657685		
34.200000	1.257969		1.337914		1.854897		3.693397		7.569255		18.791824		57.396923		153.245730		299.703574		418.070869		486.308716		521.497299		539.147214		547.956602		552.353581		554.549658		
34.300000	1.441353		1.493557		1.920623		3.926311		8.348793		18.606593		52.760617		142.752544		282.219113		393.542260		456.842500		489.174217		505.299841		513.323699		517.322170		519.317570		
34.400000	1.562943		1.588815		1.934087		4.126386		9.247236		19.099529		49.320636		133.516102		268.227354		376.816870		438.812911		470.544516		486.388510		494.276865		498.208999		500.171597		
34.500000	1.608721		1.614386		1.895918		4.217782		9.972766		20.386292		49.807929		133.236089		271.211823		385.453263		451.934671		486.373925		503.688513		512.340956		516.662252		518.821197		
34.600000	1.589942		1.585743		1.831697		4.171889		10.290648		22.094800		54.414813		141.404378		284.148388		403.533518		473.706496		510.301545		528.771079		538.019858		542.643965		544.955466		
34.700000	1.537034		1.536651		1.787418		4.028772		10.108908		23.373090		60.300216		152.680119		297.702511		416.806521		486.179908		522.179749		540.300857		549.362632		553.890039		556.152392		
34.800000	1.482657		1.500886		1.806320		3.875163		9.492477		23.367651		63.530333		159.706895		303.945407		418.622420		483.986756		517.461497		534.186927		542.517717		546.671398		548.744837		
34.900000	1.446194		1.495105		1.902045		3.794546		8.636845		21.791431		61.737781		156.718147		296.489487		405.419739		466.570703		497.583886		512.992813		520.644713		524.453915		526.353875		
35.000000	1.428768		1.513642		2.048148		3.825355		7.820365		19.116864		55.556143		146.225483		284.181564		393.692314		455.856463		487.595044		503.424156		511.300692		515.225856		517.184708		
35.100000	1.419297		1.536628		2.192594		3.955398		7.336989		16.449692		48.045251		134.750677		275.472156		391.539121		459.038898		494.006054		511.587826		520.374465		524.762982		526.955565		
35.200000	1.406475		1.545136		2.286703		4.146472		7.401823		15.144348		43.295196		128.049923		270.753670		390.560984		460.994263		497.714555		516.243007		525.520012		530.157885		532.476179		
35.300000	1.389313		1.533889		2.307645		4.357116		8.051075		16.059238		44.381411		131.069779		274.568326		393.083114		462.013007		497.721489		515.675986		524.648865		529.130388		531.369436		
35.400000	1.378845		1.513233		2.260907		4.544763		9.109088		18.896573		50.737595		141.704783		284.384002		397.816960		462.156531		494.985689		511.352928		519.495696		523.553137		525.577900		
35.500000	1.389524		1.499643		2.166330		4.657088		10.250610		22.370813		58.336532		151.765965		292.083964		400.919877		461.676142		492.378373		507.602009		515.153807		518.911105		520.784651		
35.600000	1.428420		1.504090		2.043960		4.633462		11.095000		25.005970		63.131801		155.909009		296.247849		407.092434		469.828748		501.810412		517.748438		525.676102		529.625982		531.596978		
35.700000	1.492590		1.529130		1.912961		4.430641		11.300314		25.711521		63.292565		153.112048		294.019088		409.424778		476.381269		511.029761		528.442053		537.141669		541.486139		543.656569		
35.800000	1.576141		1.575770		1.800895		4.064777		10.698414		24.046381		58.864964		145.730498		285.471792		401.698905		469.786788		505.219577		523.080858		532.019214		536.486604		538.719379		
35.900000	1.678673		1.651023		1.748391		3.635014		9.438383		20.594931		51.618526		137.968736		277.212605		390.984901		456.739557		490.675895		507.703789		516.204166		520.447268		522.566580		
36.000000	1.806928		1.767758		1.799148		3.297868		7.987229		17.017045		45.293853		133.281393		273.016493		383.251347		445.312311		476.826713		492.495472		500.279325		504.154981		506.088283		
36.100000	1.968823		1.936758		1.980686		3.202191		6.916096		15.067027		43.418998		133.948860		276.364373		387.076147		448.732050		479.832373		495.237492		502.875164		506.674131		508.568189		
36.200000	2.163776		2.156073		2.288413		3.426442		6.621032		15.375906		46.205849		138.154258		284.572486		401.073029		467.111424		500.799839		517.595292		525.951386		530.115246		532.193153		
36.300000	2.374722		2.403627		2.681117		3.952569		7.193628		17.356301		51.180466		141.428758		286.675567		406.016445		475.296369		511.156892		529.181270		538.187562		542.685415		544.932534		
36.400000	2.568324		2.639001		3.089708		4.679766		8.476505		19.997346		56.056244		144.157841		283.284919		398.238320		465.374244		500.255644		517.824112		526.612087		531.003336		533.197809		
36.500000	2.706207		2.816265		3.436139		5.456343		10.157668		22.382259		59.029857		147.869016		282.342492		389.739203		451.118436		482.604574		498.351514		506.199012		510.112790		512.066747		
36.600000	2.760915		2.901089		3.654650		6.110228		11.814951		23.801301		58.410544		149.480294		284.741579		388.424557		445.876021		474.785507		489.087347		496.173360		499.696742		501.453101		
36.700000	2.725333		2.881063		3.706480		6.480195		12.980825		24.012222		54.476674		146.696361		289.486706		399.365865		460.168208		490.724879		505.830274		513.311447		517.030558		518.884294		
36.800000	2.610811		2.764655		3.584556		6.456719		13.286198		23.385929		50.072719		140.281601		290.342823		410.876994		479.422324		514.444960		531.920361		540.618625		544.953989		547.117737		
36.900000	2.439576		2.574157		3.310801		6.023030		12.618124		22.487387		48.172865		133.022873		279.935824		402.569853		474.115510		511.227748		529.900522		539.235609		543.898872		546.228932		
37.000000	2.238487		2.339475		2.930103		5.269993		11.180834		21.594877		49.794701		130.846492		266.421638		379.485647		445.588435		479.926759		497.217239		505.864689		510.185308		512.344375		
37.100000	2.036077		2.094773		2.503401		4.369359		9.405792		20.675307		53.676986		137.850069		265.830118		367.040044		424.403070		453.674243		468.269809		475.531942		479.150799		480.956758		
37.200000	1.862084		1.877241		2.101368		3.522064		7.775516		19.598922		56.869706		150.066114		283.059574		382.714898		437.196850		464.400147		477.800654		484.425161		487.715252		489.354352		
37.300000	1.747669		1.726170		1.798149		2.912881		6.687282		18.341916		56.433051		157.716005		306.116892		418.322818		479.986103		510.880939		526.131621		533.679514		537.430514		539.299829		
37.400000	1.722215		1.678283		1.660910		2.680139		6.395781		17.166301		51.680232		152.067741		310.700899		436.635009		508.048465		544.512882		562.705620		571.760931		576.274320		578.526943		
37.500000	1.804186		1.756941		1.732373		2.887468		6.986290		16.686072		45.408447		134.796790		285.474166		410.170861		482.677152		520.231531		539.113278		548.549530		553.262509		555.617207		
37.600000	1.990815		1.960438		2.012927		3.496403		8.340515		17.566000		42.307232		119.864028		251.070323		359.747237		422.906395		455.594230		472.019647		480.225473		484.323128		486.370194		
37.700000	2.255732		2.259098		2.455676		4.362301		10.113445		19.915788		45.251392		121.187528		241.386389		336.032830		389.258005		416.270053		429.696466		436.365451		439.685775		441.342003		
37.800000	2.557004		2.604168		2.980286		5.274977		11.800343		22.959380		52.896453		139.454008		269.633519		368.000741		421.825521		448.698569		461.934890		468.477796		471.727247		473.346073		
37.900000	2.848660		2.941352		3.496801		6.032957		12.928981		25.413045		60.562445		161.065467		313.906156		431.155566		496.114476		528.820618		545.010936		553.036100		557.027461		559.017369		
38.000000	3.088925		3.221119		3.925282		6.506667		13.255110		26.248736		63.416341		168.051632		332.359965		462.982787		537.214100		575.177068		594.135432		603.576747		608.283816		610.633433		
38.100000	3.244777		3.404303		4.204809		6.654324		12.815036		25.198233		59.838714		154.117500		304.123902		425.943500		496.186138		532.411947		550.584785		559.656217		564.184307		566.445955		
38.200000	3.294656		3.464896		4.294971		6.497413		11.838653		22.791538		52.438508		132.093513		255.944558		354.965516		411.483059		440.447353		454.925251		462.138287		465.735123		467.530715		
38.300000	3.230143		3.391889		4.177302		6.091280		10.627980		20.064120		45.765318		120.992598		235.373449		323.018941		371.507941		395.887378		407.943649		413.916061		416.885493		418.365659		
38.400000	3.057733		3.192024		3.861862		5.515849		9.486388		18.110140		43.321223		127.921848		260.777241		362.315027		418.213733		446.233157		460.067244		466.914767		470.317906		472.013913		
38.500000	2.801593		2.893767		3.396065		4.879171		8.694234		17.610386		45.950926		144.594160		306.108658		433.422187		505.001254		541.352679		559.434826		568.420970		572.896286		575.128999		
38.600000	2.504083		2.547932		2.864832		4.306748		8.460092		18.531034		51.274457		155.111194		325.396096		462.486326		540.809480		580.974988		601.062310		611.073368		616.066407		618.559255		
38.700000	2.218225		2.218257		2.372670		3.904804		8.826918		20.261664		55.621715		150.525657		297.751183		415.402821		482.577824		517.023399		534.248695		542.832820		547.113995		549.251385		
38.800000	1.992503		1.962831		2.012146		3.720973		9.613984		22.004639		57.142679		139.579117		255.579593		344.151903		393.501371		418.458882		430.845106		436.992999		440.052816		441.578837		
38.900000	1.856951		1.817116		1.836459		3.735153		10.482529		23.095427		55.975227		136.999919		248.553979		330.683767		375.296473		397.522509		408.462619		413.869240		416.554138		417.891664		
39.000000	1.818327		1.788164		1.851499		3.886410		11.104995		23.298342		52.885243		143.928036		283.193736		389.457708		448.205321		477.773431		492.411852		499.668799		503.278426		505.078118		
39.100000	1.864076		1.860079		2.027404		4.112089		11.308252		22.947700		49.686120		149.837361		319.768615		455.676625		532.748185		572.092917		591.721575		601.491630		606.361322		608.791795		
39.200000	1.970541		2.004366		2.316611		4.370631		11.093088		22.571014		48.842820		146.629594		317.232048		456.210925		535.783524		576.600130		597.011598		607.183324		612.256212		614.788847		
39.300000	2.111405		2.189180		2.665707		4.639679		10.573281		22.267155		50.975977		136.200931		274.309324		384.610149		447.161262		479.064472		494.966404		502.876805		506.818253		508.785084		
39.400000	2.262708		2.383753		3.018234		4.903382		9.939427		21.701510		54.413867		131.013417		237.589749		317.775884		361.980398		384.191381		395.174564		400.615541		403.320826		404.669347		
39.500000	2.402186		2.557568		3.314255		5.142920		9.451987		20.739509		56.893788		141.553594		253.757960		335.826246		380.542614		402.910704		413.952465		419.418572		422.135500		423.489629		
39.600000	2.506514		2.679329		3.495422		5.330497		9.365918		19.764667		56.444292		159.763915		310.358198		424.833878		488.493445		520.714404		536.724724		544.678291		548.638795		550.614552		
39.700000	2.553972		2.722782		3.520720		5.428576		9.777886		19.349519		52.360938		165.382556		346.770482		489.539127		570.088784		611.131893		631.592006		641.772392		646.845779		649.377719		
39.800000	2.533482		2.678327		3.386389		5.404031		10.547126		19.893516		46.736805		148.666219		320.550529		457.362704		534.573089		573.843685		593.390184		603.106738		607.946432		610.361078		
39.900000	2.451750		2.559990		3.132981		5.251139		11.386570		21.511151		44.115524		122.433883		252.580534		355.247045		412.713129		441.766197		456.173578		463.320698		466.876701		468.649885		
40.000000	2.331305		2.400164		2.829206		4.998913		12.012879		23.867456		48.061023		113.109980		211.870808		288.233955		330.838455		352.385123		363.077978		368.385227		371.026624		372.343961		
40.100000	2.200529		2.235491		2.542505		4.694006		12.216496		26.043145		57.260625		134.833519		247.060369		333.581163		382.315710		407.188929		419.607260		425.792178		428.876052		430.415525		
40.200000	2.081256		2.092496		2.315972		4.376619		11.871305		26.850726		65.580128		170.639633		327.288702		449.007929		517.751554		552.879738		570.428862		579.171938		583.532048		585.708797		
40.300000	1.979317		1.979020		2.161956		4.070180		10.975020		25.534717		66.792892		188.444252		373.671249		516.671772		596.587293		637.097663		657.236376		667.242361		672.225143		674.710932		
40.400000	1.883291		1.884669		2.070169		3.793061		9.724060		22.367836		59.057968		171.425094		341.914183		471.043670		541.873901		577.307529		594.782765		603.427353		607.722259		609.862348		
40.500000	1.774518		1.791111		2.022615		3.580475		8.517087		18.741318		46.580070		131.372930		259.446817		355.879522		408.492764		434.712054		447.612436		453.985547		457.149703		458.725790		
40.600000	1.642887		1.686516		2.005037		3.486058		7.803169		16.468386		37.921202		102.378052		203.031159		282.210297		327.043881		349.954654		361.395832		367.094120		369.935284		371.353568		
40.700000	1.495770		1.573139		2.007124		3.547869		7.862042		16.647232		39.445074		111.688100		229.953358		326.673760		383.029710		412.356327		427.154038		434.565134		438.270967		440.123602		
40.800000	1.352968		1.462823		2.015651		3.747550		8.681380		19.101588		49.532647		149.031434		310.158131		439.436821		513.609421		551.830356		571.009019		580.585774		585.367189		587.755673		
40.900000	1.233650		1.366989		2.013646		4.007539		9.975165		22.704408		61.059813		180.387484		363.301192		503.385249		581.018103		620.143849		639.527665		649.140589		653.922959		656.307575		
41.000000	1.146634		1.290484		1.989257		4.233600		11.292541		25.959311		67.387246		183.671360		349.416987		470.149965		534.686589		566.455440		581.978611		589.619104		593.405217		595.289259		
41.100000	1.089807		1.232174		1.943549		4.365044		12.181598		27.518970		65.339818		159.983481		288.642935		381.572621		431.343721		455.922360		467.960128		473.893277		476.835548		478.300250		
41.200000	1.056960		1.189793		1.888047		4.390762		12.366802		26.838849		56.995624		131.017818		238.248772		322.173136		370.160998		394.905240		407.333157		413.542849		416.644273		418.193831		
41.300000	1.046502		1.165652		1.836211		4.326216		11.847918		24.613581		49.038040		123.321471		247.589881		351.477793		412.958391		445.253185		461.633199		469.859153		473.978207		476.038882		
41.400000	1.065135		1.168747		1.797809		4.185072		10.849067		22.200861		46.910231		139.315098		298.574138		428.444773		503.325894		541.980524		561.390855		571.086410		575.927869		578.346523		
41.500000	1.121564		1.208984		1.778087		3.978491		9.688013		20.522202		50.455356		159.171385		333.789567		467.538464		541.106258		577.949171		596.129290		605.125126		609.595203		611.822744		
41.600000	1.213375		1.285536		1.777995		3.737420		8.697868		19.756682		55.680907		166.607497		327.979010		445.189707		507.500901		538.047541		552.935740		560.253405		563.876859		565.679272		
41.700000	1.318561		1.379143		1.793100		3.521982		8.190966		19.812828		58.675463		158.687455		293.678058		392.028274		445.398731		472.032991		485.164485		491.661008		494.889081		496.497711		
41.800000	1.400894		1.456507		1.811960		3.394147		8.361398		20.590759		58.203742		146.501670		267.143848		361.205510		415.510056		443.750680		458.010396		465.156433		468.731061		470.518467		
41.900000	1.426148		1.484565		1.817172		3.373601		9.142982		21.856697		55.495098		143.960587		277.770677		386.531762		450.407667		483.885097		500.852240		509.370656		513.635657		515.769234		
42.000000	1.377547		1.445103		1.792648		3.424564		10.178443		23.270029		52.650264		149.620890		306.806540		431.238123		501.765626		537.817129		555.823411		564.792295		569.264407		571.496906		
42.100000	1.260959		1.341115		1.734454		3.493546		11.000202		24.571432		52.010452		154.345510		320.438133		446.278759		514.650836		548.588608		565.245060		573.462383		577.539194		579.569122		
42.200000	1.098272		1.192032		1.654758		3.558725		11.305046		25.544050		54.801501		155.088492		312.052088		429.464541		492.906808		524.312893		539.705736		547.294381		551.057963		552.931595		
42.300000	0.914153		1.021252		1.571765		3.634729		11.084783		25.858838		59.430347		152.610508		291.001357		397.952561		458.249605		489.049942		504.436545		512.102472		515.925518		517.834174		
42.400000	0.725152		0.844721		1.493284		3.730630		10.536467		25.214651		62.957316		152.583100		279.993572		382.310074		442.496260		474.133883		490.201795		498.278324		502.324635		504.349472		
42.500000	0.539021		0.669292		1.410185		3.815014		9.899552		23.639369		63.319729		160.188068		296.957205		404.712089		467.097736		499.566436		515.965013		524.183587		528.294857		530.350627		
42.600000	0.363763		0.501375		1.307247		3.830578		9.374755		21.575697		59.522718		167.361954		322.887978		439.047527		502.740847		534.685654		550.475090		558.296555		562.185490		564.124072		
42.700000	0.216634		0.356610		1.182212		3.742437		9.131923		19.843554		52.767765		163.495481		330.381088		452.907261		518.372474		550.558959		566.272694		574.003176		577.832878		579.738354		
42.800000	0.123203		0.260134		1.055635		3.567728		9.296607		19.479093		47.188056		149.606836		313.155226		438.264035		507.229769		541.852263		558.965713		567.442148		571.656390		573.757029		
42.900000	0.106200		0.235948		0.962203		3.357401		9.845755		21.118768		47.313141		136.125779		282.235761		401.360148		470.716225		506.812789		525.030974		534.156719		538.720400		541.002016		
43.000000	0.172622		0.293311		0.930814		3.155651		10.522512		24.238389		54.332040		136.919370		266.187810		373.813305		438.088963		472.117736		489.460598		498.193163		502.571951		504.764115		
43.100000	0.308172		0.420176		0.970448		2.984283		10.935322		27.242479		64.554295		156.930712		287.862156		389.562102		447.689956		477.695660		492.780571		500.322306		504.090247		505.973137		
43.200000	0.482529		0.588085		1.071939		2.864073		10.809956		28.524155		71.524458		181.771219		331.773634		439.627887		497.267641		525.714534		539.645518		546.511956		549.917159		551.612350		
43.300000	0.662093		0.764989		1.220065		2.838981		10.179789		27.465942		70.769564		191.174595		361.482767		484.729064		550.461377		582.807758		598.615401		606.397255		610.253862		612.173108		
43.400000	0.822193		0.927339		1.402670		2.966851		9.357206		24.617652		62.677301		176.697173		350.705240		484.965464		560.177238		598.404159		617.442538		626.911920		631.630197		633.984734		
43.500000	0.951171		1.063631		1.608403		3.278708		8.744323		21.283393		51.936952		146.733390		301.084471		428.344464		503.264614		542.543084		562.450030		572.443919		577.447498		579.950504		
43.600000	1.045181		1.168521		1.816427		3.741292		8.655962		19.005604		45.397547		124.790659		253.016272		359.986856		423.706404		457.369265		474.504065		483.126022		487.447831		489.611084		
43.700000	1.100016		1.234679		1.990719		4.254122		9.228493		18.947792		47.593310		131.755833		255.753319		351.251425		405.091240		432.611984		446.367933		453.223777		456.643471		458.350920		
43.800000	1.108046		1.251066		2.089146		4.683716		10.374864		21.297212		56.653626		162.313941		310.997885		418.763337		476.511105		505.043826		519.024299		525.916921		529.335547		531.037530		
43.900000	1.062937		1.209520		2.083346		4.912615		11.773711		25.147271		66.311901		190.483197		369.589307		502.521145		575.100802		611.411661		629.334429		638.206203		642.615712		644.813375		
44.000000	0.967241		1.113139		1.973681		4.876106		12.937913		28.922596		71.195480		195.078916		380.911087		525.925439		608.395547		650.771678		672.014440		682.617895		687.911071		690.555008		
44.100000	0.835629		0.978663		1.788442		4.575317		13.389098		31.090603		69.611678		173.976283		333.327604		462.081662		537.409092		576.818652		596.776527		606.792779		611.806838		614.314918		
44.200000	0.690789		0.830979		1.570878		4.073191		12.869216		30.846713		64.167034		146.392166		269.341685		367.633479		424.770830		454.555635		469.610149		477.157983		480.934444		482.822980		
44.300000	0.555234		0.694177		1.365105		3.482363		11.467402		28.378956		59.801704		139.064915		254.776224		342.645139		391.469504		416.172801		428.445718		434.542184		437.577834		439.092188		
44.400000	0.445037		0.585444		1.208375		2.946261		9.604145		24.637280		59.025565		157.956860		305.536302		417.172115		478.695022		509.618012		524.917269		532.499377		536.270130		538.150003		
44.500000	0.369474		0.515254		1.130305		2.612585		7.897823		20.919310		60.027236		182.192228		368.501558		513.529651		595.488479		637.389103		658.327618		668.760984		673.964467		676.562377		
44.600000	0.335600		0.491869		1.153152		2.599074		6.969108		18.519964		60.015519		188.729523		383.135906		536.836024		625.304601		671.128878		694.206631		705.754690		711.526839		714.411914		
44.700000	0.352836		0.524560		1.286223		2.952927		7.230888		18.380053		58.313502		172.709921		336.618162		463.932192		536.936912		574.747664		593.798932		603.335854		608.103872		610.487357		
44.800000	0.432482		0.621575		1.516503		3.617217		8.708358		20.707093		56.500733		149.796288		275.532073		368.589577		420.242451		446.483419		459.565940		466.078662		469.325457		470.946158		
44.900000	0.581233		0.784044		1.806297		4.432365		10.977999		24.847335		57.468067		142.942385		264.131547		354.507690		404.212560		429.215740		441.598344		447.739045		450.794099		452.317470		
45.000000	0.793307		1.000775		2.103832		5.187082		13.304592		29.472684		62.994132		159.970300		313.695681		435.969406		505.731542		541.550030		559.485050		568.430415		572.893881		575.122845		
45.100000	1.047630		1.248289		2.360465		5.694233		14.927211		32.968802		70.912791		185.671503		372.884708		526.085325		615.437249		661.962476		685.445688		697.208562		703.090907		706.031747		
45.200000	1.312670		1.496738		2.544587		5.850159		15.345210		34.040642		76.248374		197.729322		384.911872		535.230850		622.561066		668.031419		690.994602		702.501882		708.257869		711.135932		
45.300000	1.555590		1.718068		2.646829		5.654313		14.476015		32.296807		75.586718		188.277756		342.433312		457.998121		522.760534		555.860675		572.419431		580.677759		584.798685		586.856712		
45.400000	1.749639		1.891306		2.676441		5.193066		12.646336		28.407791		69.324845		169.876910		296.187966		384.488264		431.640835		455.041637		466.556920		472.249890		475.077898		476.486995		
45.500000	1.876188		2.002815		2.653133		4.607794		10.461329		23.824866		60.615053		158.528177		294.290456		395.522570		451.549681		479.886841		493.968823		500.965681		504.450212		506.188643		
45.600000	1.923107		2.044192		2.601069		4.066374		8.622396		20.293639		54.099275		159.166321		328.921546		467.820912		548.921302		591.180277		612.518145		623.208415		628.554876		631.227929		
45.700000	1.884061		2.011986		2.546780		3.735837		7.732012		19.199097		53.604014		167.483152		359.185829		519.753242		614.871931		664.858772		690.217100		702.952982		709.330575		712.521207		
45.800000	1.761820		1.910692		2.515759		3.739882		8.101737		20.937449		59.041010		174.568140		353.644180		497.143625		580.309882		623.545163		645.360863		656.288196		661.752830		664.484894		
45.900000	1.574268		1.757110		2.525176		4.108175		9.620295		24.748636		66.919626		176.290460		321.765774		427.355298		485.088907		514.146072		528.556950		535.711056		539.272502		541.048976		
46.000000	1.357518		1.582057		2.577923		4.753850		11.774254		29.113857		73.561489		179.144166		310.315733		401.471449		449.934987		473.913954		485.692304		491.509473		494.397646		495.836329		
46.100000	1.160482		1.425470		2.662295		5.502582		13.847291		32.417714		76.351608		185.819938		338.072776		454.450317		520.293041		554.076125		571.002884		579.450307		583.666836		585.772902		
46.200000	1.030773		1.324850		2.755966		6.155885		15.204732		33.615682		74.415152		188.525876		370.019131		520.346254		609.259605		655.986565		679.695375		691.604299		697.568209		700.551992		
46.300000	0.998980		1.302916		2.832351		6.551805		15.514479		32.652007		69.884624		182.875198		369.846732		526.246015		619.037866		667.870217		692.664545		705.123189		711.363536		714.485912		
46.400000	1.070464		1.362062		2.868987		6.600741		14.808886		30.288161		66.181352		172.826745		336.188891		464.864631		538.478484		576.446147		595.520184		605.052224		609.813447		612.192410		
46.500000	1.228271		1.488050		2.856006		6.297697		13.406874		27.552058		65.040931		166.917437		304.367471		403.305822		456.776386		483.455304		496.617130		503.132203		506.370581		507.984644		
46.600000	1.443728		1.659392		2.802051		5.721482		11.775299		25.345905		66.178233		172.747611		314.334023		417.711011		474.492574		503.138270		517.361105		524.425643		527.943411		529.698321		
46.700000	1.687930		1.856690		2.736159		5.024197		10.388655		24.248752		68.190062		186.423274		357.953229		494.004027		572.963205		614.094803		634.875612		645.291816		650.502717		653.108402		
46.800000	1.937821		2.066769		2.703239		4.403715		9.614713		24.386704		69.298147		194.312221		387.050714		545.918579		640.080071		689.682747		714.889748		727.562257		733.911491		737.088807		
46.900000	2.174145		2.279063		2.749827		4.051887		9.627161		25.520280		68.739065		188.758126		371.547897		518.947042		604.945524		649.836997		672.538875		683.923233		689.619768		692.468617		
47.000000	2.375409		2.478165		2.903646		4.091668		10.352404		27.288168		67.717894		175.691473		328.920314		444.100939		508.138508		540.627642		556.803784		564.849778		568.859073		570.859895		
47.100000	2.516874		2.641490		3.159509		4.537062		11.500836		29.243999		68.421050		169.121591		306.506338		406.512268		460.905898		488.134500		501.589571		508.255249		511.569838		513.222221		
47.200000	2.579157		2.746903		3.481085		5.296862		12.706800		30.761716		71.480489		177.387611		330.468297		449.815982		518.122178		553.402215		571.143001		580.013470		584.445469		586.660247		
47.300000	2.560304		2.784666		3.815144		6.210555		13.693827		31.322938		74.896641		192.958910		374.477976		524.147645		612.960886		659.786872		683.594811		695.567173		701.566445		704.568842		
47.400000	2.480609		2.763482		4.107125		7.092133		14.344704		30.963978		76.363017		200.992119		391.647660		548.169152		640.806712		689.583229		714.366265		726.824843		733.066728		736.190286		
47.500000	2.375609		2.706060		4.310545		7.767289		14.656100		30.134423		75.375093		196.110546		367.864445		500.434419		575.880373		614.734313		634.243735		643.991455		648.860004		651.292500		
47.600000	2.281221		2.637448		4.390516		8.100240		14.663761		29.211542		72.445587		184.984686		334.069237		441.251235		499.222145		528.161004		542.441089		549.510442		553.024501		554.776008		
47.700000	2.219008		2.573278		4.326674		8.015002		14.417552		28.498031		68.814426		176.792399		325.865485		437.011410		498.690530		529.966099		545.534448		553.277243		557.135230		559.060485		
47.800000	2.189583		2.514949		4.119796		7.516450		13.983856		28.453291		67.347753		177.797685		347.352995		485.591839		566.937718		609.615087		631.255587		642.122793		647.564390		650.286710		
47.900000	2.178611		2.455354		3.800027		6.704465		13.413800		29.284560		70.036067		187.139511		374.250494		531.608895		625.962342		675.983274		701.488124		714.332467		720.773414		723.998042		
48.000000	2.171863		2.391539		3.428791		5.763612		12.725175		30.406829		74.903453		195.048310		376.404972		523.139911		609.172625		654.234847		677.067566		688.529455		694.267865		697.138437		
48.100000	2.167413		2.333584		3.087209		4.916755		11.968631		30.910504		78.516770		196.148725		355.256166		473.256141		538.643654		571.790228		588.290144		596.496689		600.585911		602.626608		
48.200000	2.174941		2.301176		2.852850		4.355498		11.285879		30.444470		79.374748		195.777217		345.989180		453.271846		511.169349		540.040785		554.279362		561.325978		564.828168		566.573615		
48.300000	2.204513		2.310911		2.776320		4.184054		10.847715		29.299279		77.352970		195.987535		360.869486		487.779788		560.043872		597.276533		615.975878		625.319699		629.986704		632.318543		
48.400000	2.256349		2.365707		2.869976		4.408224		10.749924		27.938857		73.285346		193.608284		377.254459		529.215159		619.727330		667.560589		691.911666		704.165277		710.307556		713.382046		
48.500000	2.319949		2.454138		3.111260		4.963744		11.012404		26.833693		69.402355		188.867287		375.532459		531.048287		623.937924		673.098953		698.145388		710.754020		717.075572		720.240130		
48.600000	2.382163		2.558566		3.452945		5.745445		11.659581		26.592681		68.065285		183.781465		353.413359		486.465266		562.923492		602.518020		622.459036		632.437983		637.425998		639.919189		
48.700000	2.437963		2.665762		3.833230		6.610781		12.699632		27.750233		70.439218		183.224851		335.416044		446.124695		506.457014		536.710512		551.676615		559.095368		562.785618		564.625578		
48.800000	2.496270		2.773538		4.187170		7.380598		13.961272		30.138444		75.880670		192.274960		350.585265		468.272095		533.500950		566.550193		582.993409		591.169071		595.242149		597.274589		
48.900000	2.574808		2.888340		4.461139		7.879816		15.040563		32.683828		81.535770		205.069959		384.523261		528.292466		612.287090		656.199322		678.426029		689.577396		695.158697		697.950256		
49.000000	2.684927		3.013781		4.623667		8.009988		15.529817		34.131211		84.069469		210.541526		400.273692		557.516911		651.499641		701.283458		726.660997		739.440030		745.847975		749.056024		
49.100000	2.817654		3.139169		4.666277		7.790869		15.302850		33.988754		82.473430		205.377844		384.112530		527.971881		612.481336		656.838553		679.343782		690.649503		696.311882		699.144972		
49.200000	2.943326		3.238922		4.596984		7.330399		14.536074		32.699470		78.400572		194.465443		352.142023		469.614005		535.032051		568.311234		584.911811		593.177810		597.299098		599.356420		
49.300000	3.024886		3.283254		4.432402		6.752734		13.483755		30.990453		74.562791		187.368294		339.657502		450.364639		510.629671		540.821175		555.747486		563.143925		566.822385		568.656289		
49.400000	3.033958		3.250980		4.192283		6.148449		12.316007		29.283330		73.033103		189.728448		360.485920		494.184963		570.710089		610.202777		630.048371		639.967101		644.921710		647.397351		
49.500000	2.960085		3.136993		3.899708		5.581082		11.193583		27.803253		74.235764		197.510886		387.351778		544.904465		638.714256		688.247638		713.448249		726.124629		732.477550		735.657145		
49.600000	2.811157		2.953337		3.586614		5.122571		10.391406		26.920559		76.924957		203.700547		392.162824		547.624626		640.322391		689.365454		714.349712		726.926704		733.232326		736.388894		
49.700000	2.607521		2.724806		3.294951		4.855887		10.205020		27.032781		79.249553		204.854815		373.660708		503.134901		577.227597		615.583574		634.905438		644.576680		649.411542		651.828359		
49.800000	2.373681		2.480487		3.064647		4.825702		10.695559		28.100417		79.870001		202.838619		356.308031		464.614576		522.995746		552.146829		566.541607		573.671304		577.216390		578.983636		
49.900000	2.133463		2.246706		2.916966		4.994392		11.591892		29.584366		78.490586		201.225260		364.557044		484.195671		549.972804		583.157612		599.631573		607.813187		611.886876		613.919029		
50.000000	1.912294		2.047023		2.850651		5.261704		12.483554		30.980109		76.460057		199.257167		385.242714		535.301600		622.873637		668.572850		691.675223		703.257676		709.052545		711.950358		
