#t		T=0.250000		T=0.500000		T=1.000000		T=2.000000		T=4.000000		T=8.000000		T=16.000000		T=32.000000		T=64.000000		T=128.000000		T=256.000000		T=512.000000		T=1024.000000		T=2048.000000		T=4096.000000		T=8192.000000		
0.000000	1.000041		1.000047		1.000073		1.000119		1.000194		1.000334		1.032348		2.363983		8.253481		16.000478		21.764941		25.168535		27.000467		27.948440		28.430328		28.673234		
0.100000	0.966555		0.965090		0.958120		0.944203		0.923387		0.894642		0.878501		1.755864		5.801822		11.154479		15.144022		17.501188		18.770274		19.427082		19.760984		19.929300		
0.200000	0.877455		0.872444		0.848897		0.803893		0.742001		0.666845		0.591479		0.766169		1.785857		3.150575		4.167446		4.767662		5.090607		5.257686		5.342608		5.385412		
0.300000	0.759455		0.750763		0.710756		0.639769		0.555849		0.477170		0.431969		0.534324		0.908782		1.331887		1.623016		1.788239		1.875413		1.920073		1.942662		1.954020		
0.400000	0.639496		0.628784		0.580999		0.505768		0.439481		0.415628		0.488707		1.261016		4.037017		7.507173		10.041361		11.525471		12.321209		12.732214		12.940951		13.046121		
0.500000	0.534046		0.524023		0.481655		0.429567		0.420278		0.497101		0.729130		2.301490		8.072852		15.411145		20.813085		23.988721		25.694575		26.576472		27.024565		27.250384		
0.600000	0.448046		0.441924		0.419945		0.418325		0.498542		0.699626		1.041941		2.608365		8.289073		15.563034		20.936883		24.101385		25.802655		26.682537		27.129695		27.355065		
0.700000	0.381074		0.382395		0.396722		0.471012		0.659729		0.960257		1.281164		2.075637		4.783625		8.235444		10.780118		12.276742		13.080802		13.496509		13.707734		13.814183		
0.800000	0.335747		0.348053		0.413724		0.581322		0.866740		1.185187		1.397672		1.719561		2.508132		3.340066		3.892856		4.200583		4.361285		4.443179		4.484489		4.505232		
0.900000	0.322781		0.348425		0.473684		0.731089		1.061879		1.314056		1.464907		2.198008		4.268976		6.541517		8.094914		8.974861		9.438848		9.676502		9.796695		9.857126		
1.000000	0.357416		0.395664		0.573718		0.887992		1.196014		1.362172		1.580235		3.270374		8.606794		14.954047		19.493698		22.127056		23.532561		24.256897		24.624360		24.809400		
1.100000	0.447930		0.493878		0.699824		1.017539		1.258038		1.393769		1.785077		4.054520		11.103449		19.643923		25.823279		29.429517		31.360175		32.356680		32.862606		33.117469		
1.200000	0.586335		0.632099		0.830429		1.101082		1.275635		1.472320		2.061609		3.983932		9.146832		15.284777		19.710258		22.290459		23.671330		24.383961		24.745738		24.927981		
1.300000	0.750754		0.788501		0.947181		1.144071		1.293912		1.630323		2.375208		3.709884		6.174672		8.731392		10.467488		11.450717		11.969392		12.235147		12.369577		12.437174		
1.400000	0.917247		0.942008		1.043622		1.169969		1.353387		1.861814		2.697243		4.092313		6.492980		8.707084		10.091400		10.838697		11.222860		11.417071		11.514642		11.563535		
1.500000	1.070922		1.081594		1.125901		1.207765		1.477114		2.133573		3.014271		5.186057		10.332957		15.833498		19.567945		21.678263		22.789875		23.358978		23.646736		23.791400		
1.600000	1.209269		1.207828		1.207327		1.281801		1.666348		2.408817		3.328344		6.329415		14.337056		23.416497		29.786319		33.449120		35.395912		36.397154		36.904579		37.159971		
1.700000	1.337344		1.327494		1.301512		1.406467		1.903728		2.668011		3.647457		6.728767		14.481935		23.250234		29.427884		32.991368		34.888758		35.865511		36.360764		36.610090		
1.800000	1.458182		1.444848		1.417027		1.584147		2.163225		2.914822		3.993672		6.578555		11.652778		16.907425		20.481183		22.509747		23.581529		24.131171		24.409335		24.549241		
1.900000	1.564366		1.554358		1.553749		1.804672		2.421895		3.167719		4.392570		6.856055		10.681046		14.040436		16.108904		17.219673		17.789512		18.077335		18.221877		18.294293		
2.000000	1.638018		1.640380		1.700935		2.046100		2.666319		3.444943		4.842323		7.939196		13.579323		18.902567		22.290091		24.139614		25.096539		25.581973		25.826287		25.948824		
2.100000	1.660855		1.685131		1.838652		2.278260		2.891368		3.751999		5.317058		9.373251		18.256220		27.514826		33.745400		37.253269		39.097917		40.041542		40.518480		40.758204		
2.200000	1.626112		1.678801		1.943455		2.469880		3.095178		4.078165		5.783435		10.305618		20.532352		31.492921		39.008036		43.284556		45.546237		46.706593		47.293948		47.589393		
2.300000	1.542578		1.624164		1.996345		2.597616		3.275796		4.403057		6.226950		10.424390		18.732917		27.236360		32.972591		36.215154		37.924874		38.800797		39.243868		39.466660		
2.400000	1.429739		1.534361		1.989586		2.653273		3.431354		4.708060		6.669129		10.562424		16.774641		22.351468		25.853851		27.760088		28.745694		29.245625		29.497236		29.623435		
2.500000	1.310101		1.427915		1.929861		2.646222		3.562179		4.984938		7.131930		11.477572		18.416936		24.463494		28.146749		30.110479		31.113776		31.619432		31.873081		32.000088		
2.600000	1.204119		1.324680		1.836762		2.600251		3.672891		5.238046		7.612400		12.992303		23.001214		32.561605		38.701012		42.072380		43.822377		44.711663		45.159630		45.384412		
2.700000	1.129213		1.243794		1.737036		2.545567		3.772356		5.480434		8.092374		14.342353		26.930020		39.617318		48.038723		52.750774		55.221373		56.483390		57.120802		57.441072		
2.800000	1.101950		1.203809		1.657720		2.508832		3.870264		5.725908		8.556696		14.862112		26.876434		38.835355		46.771015		51.217749		53.551882		54.744989		55.347813		55.650761		
2.900000	1.140093		1.223735		1.622835		2.507413		3.973752		5.981895		9.019341		14.956994		24.571096		33.332174		38.895569		41.944730		43.527498		44.332012		44.737355		44.940772		
3.000000	1.259462		1.320990		1.653856		2.552280		4.090166		6.251351		9.512411		15.640673		24.813022		32.565924		37.231659		39.706809		40.968628		41.603931		41.922458		42.081913		
3.100000	1.464613		1.503834		1.768441		2.654887		4.233739		6.541370		10.048989		17.122556		28.750996		39.086392		45.460302		48.883402		50.639375		51.526260		51.971630		52.194759		
3.200000	1.740204		1.762789		1.974194		2.828754		4.427017		6.867864		10.624289		18.805033		33.668445		47.769169		56.815742		61.785106		64.365562		65.677182		66.337987		66.669592		
3.300000	2.051308		2.068825		2.261728		3.083135		4.692648		7.249981		11.227524		19.881954		35.690034		50.917326		60.819553		66.306436		69.169631		70.628755		71.364859		71.734501		
3.400000	2.353258		2.380440		2.602852		3.414095		5.041054		7.698812		11.861260		20.231914		34.040296		46.691529		54.737214		59.149429		61.440381		62.605028		63.191862		63.486369		
3.500000	2.603978		2.654583		2.955079		3.798699		5.461927		8.209360		12.549147		20.800612		33.079240		43.472838		49.761556		53.113378		54.827247		55.691603		56.125360		56.342598		
3.600000	2.772255		2.855720		3.270876		4.195896		5.922448		8.759478		13.297092		22.236362		35.990099		47.691806		54.732654		58.463320		60.363453		61.319614		61.798873		62.038752		
3.700000	2.840701		2.961011		3.509452		4.557413		6.375254		9.313809		14.072606		24.165345		41.233092		56.634461		66.222271		71.400240		74.064655		75.412569		76.090026		76.429574		
3.800000	2.805186		2.961535		3.645575		4.844599		6.777781		9.838370		14.828612		25.768354		45.080796		63.101401		74.577679		80.860638		84.118081		85.772549		86.605773		87.023825		
3.900000	2.673404		2.860932		3.669977		5.036752		7.107727		10.316457		15.536874		26.507405		44.922028		61.767062		72.431739		78.261050		81.282032		82.816235		83.588869		83.976518		
4.000000	2.465349		2.674938		3.584641		5.124461		7.357710		10.744977		16.210963		26.943028		43.233681		57.190776		65.706844		70.270029		72.610399		73.792643		74.386426		74.683937		
4.100000	2.215277		2.433246		3.401612		5.100737		7.519499		11.119533		16.878069		28.067638		44.680370		58.507236		66.739395		71.079569		73.284832		74.393232		74.948474		75.226304		
4.200000	1.970075		2.179393		3.146913		4.963521		7.580132		11.428438		17.534258		29.902449		49.510694		66.477571		76.782753		82.271592		85.075045		86.487821		87.196477		87.551308		
4.300000	1.779673		1.963326		2.862626		4.727077		7.533034		11.657906		18.148631		31.727696		54.487126		74.986943		87.759243		94.664452		98.220298		100.019956		100.924667		101.378171		
4.400000	1.682409		1.827957		2.601780		4.432597		7.395643		11.807043		18.690754		32.803483		56.152316		77.222077		90.424538		97.595127		101.298061		103.175080		104.119451		104.593034		
4.500000	1.693969		1.797357		2.417254		4.149437		7.225399		11.911307		19.176492		33.184977		54.585707		73.039650		84.342541		90.411916		93.528347		95.103558		95.894951		96.291533		
4.600000	1.805891		1.872872		2.349032		3.958178		7.112107		12.049517		19.693481		33.925573		54.483062		71.417968		81.475250		86.776806		89.471300		90.825922		91.504607		91.844233		
4.700000	1.992696		2.037521		2.415387		3.920188		7.134666		12.299028		20.325746		35.596701		58.397857		77.469179		88.842932		94.842058		97.890508		99.422714		100.190252		100.574308		
4.800000	2.222571		2.264804		2.612571		4.058020		7.321265		12.679303		21.069873		37.673676		63.974911		86.856087		100.821232		108.283551		112.102104		114.028373		114.995106		115.479288		
4.900000	2.465708		2.526352		2.920803		4.361382		7.656472		13.163359		21.868378		39.332405		67.529398		92.499220		107.944610		116.268318		120.548262		122.712855		123.800644		124.345826		
5.000000	2.696193		2.793905		3.308509		4.804057		8.115065		13.727999		22.687452		40.185052		67.226211		90.634150		104.976841		112.675766		116.627580		118.624616		119.627816		120.130509		
5.100000	2.888772		3.036535		3.731083		5.350844		8.680438		14.372959		23.560055		40.945842		66.203075		87.095310		99.548453		106.130188		109.480625		111.166483		112.011509		112.434474		
5.200000	3.017274		3.219825		4.129659		5.949920		9.336346		15.105444		24.534621		42.579893		68.882262		90.494100		103.261042		109.962579		113.359696		115.065071		115.918833		116.345903		
5.300000	3.060340		3.312716		4.438005		6.521452		10.034873		15.904920		25.590169		44.892647		74.548903		99.710985		114.830248		122.837141		126.914482		128.966075		129.994365		130.509039		
5.400000	3.012106		3.299756		4.599227		6.963338		10.671690		16.690131		26.642954		47.045802		79.556526		107.864042		125.158665		134.408342		139.144263		141.534091		142.733680		143.334542		
5.500000	2.888976		3.189828		4.584453		7.184589		11.119451		17.342137		27.592171		48.376636		80.998007		109.269959		126.552406		135.809127		140.553939		142.949845		144.152922		144.755643		
5.600000	2.725790		3.014242		4.402347		7.144894		11.301634		17.780497		28.392008		49.092813		79.776140		105.411963		120.773467		128.915524		133.066514		135.156825		136.204998		136.729750		
5.700000	2.562522		2.814844		4.094663		6.868191		11.230330		18.005599		29.052503		50.219495		80.714982		105.569559		120.199366		127.867725		131.752681		133.702468		134.678481		135.166677		
5.800000	2.428756		2.628790		3.722020		6.424430		10.982499		18.092769		29.625846		52.109496		85.528874		113.266568		129.725563		138.382352		142.774676		144.980625		146.085229		146.637834		
5.900000	2.334334		2.477782		3.347774		5.898857		10.642761		18.138287		30.201767		54.164402		91.148593		122.677289		141.689341		151.780539		156.925909		159.516696		160.815706		161.465998		
6.000000	2.271161		2.366751		3.026405		5.372245		10.259365		18.165456		30.794784		55.699854		94.210913		127.261787		147.323424		158.020865		163.490265		166.248311		167.632260		168.325348		
6.100000	2.224507		2.291473		2.799282		4.922802		9.868006		18.136857		31.305020		56.427697		93.664454		124.871243		143.601503		153.536318		158.602943		161.154727		162.434396		163.075067		
6.200000	2.185796		2.248800		2.695361		4.634571		9.556042		18.099844		31.745438		57.095011		93.083407		122.290123		139.471145		148.479398		153.044749		155.336540		156.483901		157.057844		
6.300000	2.157508		2.240996		2.730272		4.585591		9.460853		18.217938		32.327738		58.735131		96.616747		127.453688		145.571788		155.053550		159.852269		162.259246		163.463739		164.066122		
6.400000	2.147108		2.270747		2.900329		4.814859		9.686432		18.623034		33.184352		61.108647		102.706956		137.432344		158.122124		169.030584		174.572750		177.358131		178.753380		179.451514		
6.500000	2.156473		2.332265		3.176062		5.296560		10.230262		19.305234		34.232044		63.292119		107.440726		144.855287		167.374907		179.321632		185.412292		188.478954		190.016556		190.786289		
6.600000	2.177078		2.407785		3.502757		5.943830		10.989480		20.140914		35.310595		64.647492		108.472906		145.289964		167.385894		179.099273		185.070228		188.076644		189.584073		190.338713		
6.700000	2.195561		2.473922		3.811073		6.635747		11.836735		21.017395		36.390072		65.613472		107.566182		141.816385		162.034380		172.656187		178.045183		180.752002		182.107544		182.785727		
6.800000	2.204912		2.514048		4.035620		7.246103		12.677344		21.915834		37.535896		67.330047		109.699255		143.896547		163.896556		174.339498		179.618853		182.265481		183.589548		184.251644		
6.900000	2.211793		2.527972		4.135383		7.663847		13.421356		22.830055		38.727194		69.860274		115.615385		153.280219		175.525528		187.196231		193.109963		196.077997		197.563698		198.306827		
7.000000	2.233229		2.531383		4.106328		7.811992		13.940348		23.662152		39.885416		72.273969		121.312158		162.495416		187.108989		200.108820		206.719806		210.044018		211.709605		212.543116		
7.100000	2.283589		2.543904		3.977498		7.667419		14.101057		24.237279		40.937460		74.061198		124.042202		166.054049		191.222979		204.543375		211.326263		214.739434		216.450264		217.306589		
7.200000	2.360163		2.572919		3.792177		7.269801		13.854874		24.412837		41.689038		75.038894		123.559378		163.447811		187.074393		199.507770		205.821115		208.993536		210.582575		211.377659		
7.300000	2.437877		2.604654		3.587150		6.709285		13.291494		24.238393		42.093466		75.869271		123.641763		162.071752		184.517082		196.231685		202.153141		205.121551		206.606582		207.349165		
7.400000	2.478392		2.609809		3.383724		6.097945		12.585980		23.934036		42.465442		77.598267		127.993539		168.884081		192.845830		205.365147		211.695342		214.868939		216.456664		217.250606		
7.500000	2.448786		2.560527		3.193440		5.543313		11.891220		23.634474		42.965574		79.960162		134.367547		179.358875		206.018172		220.031616		227.139943		230.709505		232.496815		233.390935		
7.600000	2.337412		2.446571		3.029481		5.139011		11.311191		23.322871		43.345919		81.695592		138.392556		185.579190		213.682841		228.504940		236.037988		239.824772		241.721875		242.671181		
7.700000	2.156566		2.279263		2.910836		4.965159		10.967394		23.053851		43.525718		82.292079		138.435127		184.613552		211.973794		226.371929		233.682434		237.355723		239.195581		240.116148		
7.800000	1.932373		2.081988		2.853004		5.074433		11.025417		23.089903		43.898131		82.835503		137.430082		181.290306		206.920005		220.305046		227.073804		230.467814		232.165991		233.015216		
7.900000	1.691536		1.876478		2.852203		5.457628		11.595019		23.722114		44.849715		84.730746		140.581567		185.254114		211.244717		224.775831		231.605549		235.026565		236.737320		237.592595		
8.000000	1.454576		1.675860		2.878729		6.019094		12.593747		24.942058		46.306097		87.534739		147.143494		195.785232		224.384940		239.354535		246.930802		250.730933		252.632568		253.583596		
8.100000	1.237919		1.488332		2.889220		6.596880		13.748913		26.409498		48.002368		90.234734		152.652030		204.344555		235.004383		251.131177		259.314667		263.425012		265.483327		266.513077		
8.200000	1.060117		1.326338		2.851363		7.023503		14.752802		27.752576		49.693979		92.505175		155.292278		207.085576		237.775163		253.917877		262.110957		266.226713		268.287915		269.319159		
8.300000	0.944837		1.211826		2.763520		7.188126		15.400668		28.784993		51.107996		93.937777		155.048800		204.507616		233.506771		248.676581		256.354228		260.205568		262.132968		263.096922		
8.400000	0.915280		1.170666		2.654947		7.065651		15.601425		29.457914		52.271290		95.369742		155.926593		204.336540		232.479661		247.125016		254.515563		258.217120		260.068074		260.993418		
8.500000	0.981326		1.217721		2.565987		6.706376		15.326746		29.660486		53.238229		97.986330		161.809893		213.383356		243.530031		259.258396		267.205068		271.187467		273.179419		274.175389		
8.600000	1.128645		1.343388		2.522755		6.203775		14.614578		29.238748		53.569584		100.353557		168.408299		224.201095		257.095324		274.338867		283.073044		287.455792		289.649443		290.746629		
8.700000	1.319717		1.513259		2.525583		5.666184		13.624111		28.311742		53.148613		101.005294		170.748763		228.088342		261.980399		279.778187		288.802502		293.333422		295.601914		296.736706		
8.800000	1.507122		1.681913		2.558164		5.204700		12.630029		27.338103		52.691363		101.042748		169.954246		225.849306		258.672853		275.856943		284.557439		288.922705		291.107503		292.200242		
8.900000	1.649728		1.810401		2.605214		4.926114		11.919684		26.766330		52.791023		101.816407		169.781560		223.780817		255.102486		271.388461		279.604295		283.718648		285.775897		286.804344		
9.000000	1.722414		1.876052		2.660292		4.913550		11.691187		26.737979		53.370743		103.486540		173.309811		228.924212		261.188401		277.956569		286.411992		290.645159		292.761490		293.819386		
9.100000	1.716708		1.871604		2.718072		5.194290		12.034857		27.217821		54.325036		105.970128		179.772210		239.661450		274.777437		293.131746		302.414289		307.068532		309.397141		310.561593		
9.200000	1.635340		1.798343		2.761795		5.711613		12.942096		28.257535		55.802308		108.932574		185.601950		248.211894		285.069549		304.379518		314.158069		319.064374		321.519961		322.748130		
9.300000	1.485708		1.660071		2.760431		6.322192		14.257516		29.858139		57.717002		111.167361		187.584024		249.629536		286.058242		305.121911		314.771016		319.611305		322.033599		323.245056		
9.400000	1.277482		1.462818		2.681283		6.834209		15.644714		31.677034		59.777855		112.802315		186.892770		246.154666		280.663553		298.644559		307.725445		312.275555		314.551335		315.689191		
9.500000	1.026142		1.220231		2.510543		7.077754		16.692131		33.131791		61.495730		115.254321		189.720010		248.687356		282.780968		300.468521		309.379516		313.838741		316.067581		317.181591		
9.600000	0.757365		0.958136		2.265853		6.969250		17.108652		33.867079		62.361828		117.629103		196.143983		259.252635		296.020779		315.168470		324.833245		329.674195		332.094957		333.305173		
9.700000	0.504830		0.710939		1.989646		6.531766		16.824978		33.975672		62.732801		119.081137		200.832836		267.561846		306.797581		327.334684		337.728879		342.942481		345.551450		346.856227		
9.800000	0.300965		0.510791		1.728794		5.869113		15.939382		33.643890		63.232788		120.780509		203.793000		271.299821		310.927288		331.655914		342.144340		347.404643		350.036855		351.353226		
9.900000	0.167527		0.378000		1.518027		5.124015		14.635569		32.844975		63.577458		121.885393		204.073569		269.995989		308.413522		328.435187		338.547103		343.613855		346.148035		347.415085		
10.000000	0.112050		0.318919		1.377980		4.449341		13.180386		31.580116		63.364812		122.044239		202.679971		266.447366		303.320456		322.455994		332.098770		336.924873		339.337274		340.543079		
10.100000	0.130110		0.329663		1.321890		3.993838		11.941928		30.228730		63.029601		123.835716		207.634721		274.027248		312.433794		332.362635		342.403312		347.427907		349.939337		351.194590		
10.200000	0.210138		0.400754		1.358094		3.880630		11.313001		29.380657		63.032533		126.441936		215.540144		287.198209		329.020481		350.826788		361.841186		367.360196		370.120557		371.500685		
10.300000	0.338091		0.520228		1.484380		4.165642		11.551584		29.377742		63.323452		127.624742		218.140611		291.223148		334.015617		356.374182		367.680860		373.349896		376.186217		377.604559		
10.400000	0.499553		0.674502		1.680983		4.797069		12.666081		30.269321		63.922896		128.593647		218.863493		291.036411		333.053343		354.940908		365.992628		371.529618		374.298821		375.683335		
10.500000	0.677760		0.846635		1.910521		5.613171		14.410840		32.055797		65.093807		129.420535		218.458297		288.828906		329.490509		350.583341		361.210145		366.528165		369.186311		370.514913		
10.600000	0.850688		1.014637		2.127546		6.392278		16.347014		34.604316		67.377928		131.124171		219.466232		289.198684		329.428381		350.272970		360.767295		366.016967		368.640413		369.951531		
10.700000	0.993123		1.154249		2.293222		6.931871		17.948201		37.314446		70.730727		135.950347		228.551350		302.798154		345.980660		368.446334		379.779783		385.454968		388.292494		389.710962		
10.800000	1.084325		1.245873		2.385417		7.113232		18.767908		39.263619		73.829473		140.682307		236.813083		314.764690		360.410843		384.247412		396.296322		402.335946		405.357257		406.867995		
10.900000	1.114692		1.279718		2.397688		6.919172		18.596751		39.841825		75.596501		142.895873		237.964863		314.532706		359.251463		382.578977		394.365182		400.271895		403.226426		404.703701		
11.000000	1.085965		1.255439		2.332116		6.411826		17.499005		39.014115		76.016272		144.538891		238.986462		313.877050		357.243146		379.763183		391.114995		396.797295		399.637884		401.057763		
11.100000	1.006511		1.178663		2.196584		5.706612		15.750846		37.031033		75.035003		145.098777		239.867792		314.077941		356.746102		378.817883		389.920905		395.472774		398.246661		399.632821		
11.200000	0.886569		1.058151		2.008607		4.960816		13.785727		34.306400		72.521539		144.133584		241.686799		318.465665		362.744661		385.686330		397.236275		403.013958		405.901253		407.344231		
11.300000	0.736075		0.904514		1.797162		4.356670		12.150873		31.683065		69.501345		143.291975		246.973915		329.967043		378.261500		403.402212		416.090280		422.445222		425.622998		427.211654		
11.400000	0.566141		0.730891		1.596430		4.054811		11.381623		30.322197		67.882868		142.385833		247.850453		332.489650		381.809687		407.505323		420.479474		426.979327		430.229986		431.855186		
11.500000	0.393907		0.556167		1.436288		4.130054		11.779998		30.951272		68.998855		143.076045		245.999782		327.668273		374.970511		399.538724		411.924247		418.124337		421.223861		422.773194		
11.600000	0.245950		0.407426		1.337578		4.533493		13.243046		33.346119		72.484763		147.114243		249.128100		329.220122		375.312261		399.165681		411.167681		417.169779		420.168797		421.667506		
11.700000	0.153773		0.315971		1.313536		5.116137		15.296688		36.654585		76.886162		152.450631		255.079128		335.495644		381.724632		405.631981		417.656010		423.667712		426.671156		428.171981		
11.800000	0.142144		0.306822		1.371911		5.701753		17.309271		39.945853		81.095242		158.280727		264.403181		348.561209		397.304318		422.615686		435.373288		441.758787		444.950758		446.546237		
11.900000	0.219052		0.388691		1.511846		6.154713		18.721951		42.347134		84.059302		163.078551		273.243351		361.389027		412.700935		439.419575		452.905943		459.661222		463.039311		464.728140		
12.000000	0.374202		0.551018		1.716254		6.399756		19.188370		43.163453		84.592159		163.379914		272.431873		358.974383		409.109774		435.149593		448.276351		454.847224		458.132024		459.773946		
12.100000	0.584881		0.768573		1.948489		6.404534		18.620795		42.266067		82.862687		160.543589		267.409258		351.393774		399.733658		424.750626		437.337909		443.632628		446.777833		448.349590		
12.200000	0.824246		1.010337		2.162075		6.171178		17.181569		40.168666		80.667806		158.752515		266.680338		351.431155		400.130378		425.302386		437.958485		444.285126		447.445634		449.024872		
12.300000	1.068368		1.248693		2.320747		5.757859		15.262744		37.574393		79.339357		159.425920		270.479428		358.256879		408.912585		435.157758		448.369635		454.978232		458.280633		459.931034		
12.400000	1.298602		1.464030		2.413975		5.296610		13.445054		35.123026		78.845455		162.286701		278.252834		370.751510		424.490296		452.441773		466.542243		473.603024		477.133352		478.898158		
12.500000	1.497505		1.641556		2.454356		4.958993		12.358904		33.560901		78.907502		165.193661		283.372040		377.082680		431.403595		459.630926		473.864335		480.990199		484.552706		486.333507		
12.600000	1.643551		1.764875		2.459549		4.871195		12.427881		33.616634		79.783193		167.078456		283.088632		373.268975		424.995118		451.728279		465.170904		471.891421		475.248905		476.926626		
12.700000	1.713700		1.816223		2.437132		5.042110		13.634546		35.423948		81.387082		168.912406		284.277452		373.096368		423.733940		449.816731		462.909071		469.448493		472.713989		474.345363		
12.800000	1.695317		1.786729		2.388156		5.369810		15.506360		38.343991		83.005696		169.914698		287.341094		378.621052		430.857545		457.807345		471.344881		478.109051		481.487357		483.175232		
12.900000	1.597673		1.687966		2.323843		5.722198		17.365476		41.495311		84.761149		170.289969		290.389399		385.730617		440.875460		469.481476		483.891102		491.101208		494.704798		496.505874		
13.000000	1.452620		1.553162		2.273694		6.015633		18.646726		44.153124		87.649050		172.730674		294.543077		392.513177		449.568281		479.270497		494.259611		501.766629		505.520371		507.396934		
13.100000	1.303881		1.425990		2.272800		6.225252		19.053564		45.628422		91.320551		177.216742		297.029536		392.279683		447.426449		476.047468		490.468126		497.684618		501.291616		503.094449		
13.200000	1.191517		1.343754		2.338317		6.342211		18.541056		45.321685		93.798097		181.867680		299.409502		390.811270		443.157384		470.175179		483.749799		490.533234		493.921346		495.614166		
13.300000	1.138485		1.323296		2.454002		6.344210		17.270744		43.169306		93.650632		185.587091		305.866725		398.490099		451.309366		478.515724		492.171211		498.991584		502.397275		504.098660		
13.400000	1.145435		1.356806		2.574507		6.213187		15.606912		39.820249		90.784323		186.507940		312.581848		410.056811		465.802769		494.565927		509.016284		516.237171		519.843749		521.645717		
13.500000	1.197598		1.421349		2.648994		5.973044		14.088578		36.412250		85.926447		182.990826		314.015033		416.510034		475.493457		506.029792		521.398289		529.085024		532.926068		534.845635		
13.600000	1.279279		1.496590		2.650333		5.698711		13.279587		34.315874		81.135069		176.087914		307.399842		410.823781		470.451583		501.340361		516.890041		524.668250		528.555206		530.497767		
13.700000	1.383957		1.576654		2.588443		5.476969		13.504622		34.668914		79.838315		171.315249		298.206108		397.714079		454.832980		484.339454		499.170171		506.582669		510.285316		512.135372		
13.800000	1.511889		1.666918		2.498388		5.351763		14.641602		37.585449		84.027129		174.908862		299.373782		396.535942		452.175561		480.880071		495.297564		502.500904		506.098405		507.895756		
13.900000	1.660113		1.771753		2.417616		5.309181		16.164853		41.850645		91.836230		186.120031		313.367985		412.756943		469.797378		499.268453		514.083216		521.488240		525.187281		527.035568		
14.000000	1.816191		1.886472		2.372541		5.312915		17.433488		45.668655		99.306852		198.342004		330.339981		433.475869		492.812236		523.524412		538.978965		546.708017		550.570010		552.499995		
14.100000	1.960918		1.999240		2.378430		5.342639		17.994222		47.661959		103.420126		205.925998		341.147688		446.236018		506.572326		537.776663		553.473311		561.322148		565.243684		567.203349		
14.200000	2.077488		2.099647		2.444724		5.398401		17.696445		47.217736		102.616582		205.080864		339.259404		442.288525		500.958087		531.158623		546.312406		553.880007		557.658545		559.546125		
14.300000	2.161571		2.187723		2.579382		5.488585		16.661322		44.496663		97.159565		196.117740		327.257089		427.740299		484.737745		513.999045		528.659161		535.974302		539.625262		541.448724		
14.400000	2.225092		2.276093		2.787125		5.627687		15.245962		40.521087		90.217227		186.023538		317.399321		419.894821		478.535384		508.768876		523.948702		531.531403		535.317971		537.209680		
14.500000	2.288235		2.380598		3.059018		5.835536		13.995140		36.915335		86.087398		182.825325		318.003104		425.237221		487.213352		519.344495		535.524238		543.618536		547.663649		549.685297		
14.600000	2.363243		2.504378		3.360940		6.119642		13.475146		35.183709		86.576158		188.167197		327.529035		437.766986		501.551297		534.659814		551.344416		559.694789		563.868793		565.955092		
14.700000	2.442897		2.628880		3.634514		6.447546		13.993658		36.085918		90.573717		197.702981		338.799326		447.889441		510.336445		542.582235		558.789973		566.891154		570.937963		572.960028		
14.800000	2.503766		2.720634		3.814686		6.737520		15.383923		39.331585		96.005451		206.310443		346.496475		451.828133		511.135279		541.488100		556.673496		564.245580		568.023516		569.910084		
14.900000	2.520800		2.748376		3.853698		6.888171		17.061449		43.624707		100.561276		210.441132		350.540127		455.336183		514.085980		544.071608		559.050622		566.513856		570.235965		572.094271		
15.000000	2.481478		2.697987		3.737644		6.830460		18.340145		47.277936		102.464370		208.069377		349.367573		458.160480		520.036184		551.847722		567.797584		575.759375		579.733858		581.719099		
15.100000	2.391600		2.577753		3.488909		6.557231		18.745856		49.080446		102.367909		202.379878		343.174094		455.361568		520.314171		554.013170		570.987982		579.481339		583.726196		585.847748		
15.200000	2.271632		2.413633		3.156017		6.109939		18.121604		48.601521		102.492010		200.993070		339.677341		451.038880		515.845151		549.563158		566.572584		575.089674		579.348015		581.476715		
15.300000	2.146756		2.238322		2.797935		5.551841		16.589267		45.923536		103.036513		206.429100		343.926170		451.162154		512.729803		544.551250		560.550710		568.548714		572.544174		574.540623		
15.400000	2.037143		2.080726		2.471201		4.961578		14.529847		41.639148		102.000323		213.926286		354.510680		459.934103		519.249062		549.592603		564.769517		572.336331		576.111367		577.996418		
15.500000	1.955463		1.962360		2.224295		4.440724		12.567283		37.124007		98.452045		217.986919		367.002683		477.406484		539.105601		570.561685		586.268381		594.092695		597.994542		599.942503		
15.600000	1.912606		1.901239		2.097357		4.104720		11.400068		34.214318		93.564452		214.737970		371.309804		489.338459		555.861211		589.924373		606.970894		615.472313		619.714260		621.832624		
15.700000	1.923711		1.916011		2.120708		4.045027		11.467590		34.250777		89.698302		204.088502		359.483086		480.035322		548.924769		584.440049		602.273681		611.182802		615.631975		617.854775		
15.800000	2.005637		2.022401		2.307245		4.286938		12.688999		37.326160		90.044218		194.381227		340.372669		455.943836		522.602705		557.116314		574.482899		583.167527		587.506777		589.675204		
15.900000	2.166425		2.222900		2.641836		4.778902		14.520931		42.224165		96.547426		197.142766		334.552736		442.639390		504.810679		536.953565		553.114511		561.192901		565.228396		567.244814		
16.000000	2.395356		2.498124		3.076545		5.416618		16.281887		47.004437		106.878020		214.240647		353.236522		459.832861		520.500595		551.715898		567.374409		575.192810		579.096241		581.046127		
16.100000	2.660740		2.806736		3.537355		6.072148		17.442093		49.866091		115.493231		234.928983		385.013100		497.942166		561.690670		594.374065		610.741881		618.907935		622.983343		625.018743		
16.200000	2.916786		3.094583		3.940576		6.612367		17.712680		49.774584		117.736664		245.524952		406.286273		526.500984		594.085549		628.660015		645.955398		654.579289		658.881947		661.030532		
16.300000	3.116401		3.309119		4.212658		6.920752		17.051926		46.711560		112.081321		238.145152		400.008294		521.631612		589.994467		624.937587		642.406565		651.113874		655.457311		657.626042		
16.400000	3.224260		3.413114		4.306540		6.930159		15.708413		41.789216		100.981640		215.944431		368.432340		484.975926		550.900412		584.679449		601.583802		610.013589		614.219516		616.319812		
16.500000	3.224034		3.391615		4.208811		6.646303		14.209712		37.113846		90.978286		195.365751		337.699804		448.969052		512.684048		545.537627		562.032031		570.270885		574.384949		576.440226		
16.600000	3.117329		3.250049		3.936057		6.137056		13.148900		34.896343		88.629676		194.066837		337.256477		450.007120		515.062233		548.774100		565.747209		574.237900		578.481001		580.601573		
16.700000	2.918559		3.008217		3.526390		5.493560		12.839181		36.111646		94.867231		212.597392		367.121319		486.419155		554.754979		590.071172		607.832254		616.712723		621.149577		623.366733		
16.800000	2.651967		2.696919		3.034843		4.801908		13.135714		39.904193		105.073704		236.018275		401.749307		525.575226		595.194095		630.822099		648.649717		657.540583		661.976876		664.192306		
16.900000	2.351668		2.357704		2.532459		4.148217		13.608200		44.237826		113.395483		248.823170		417.102366		539.873937		607.688437		642.023815		659.103624		667.595173		671.825481		673.936342		
17.000000	2.060572		2.040691		2.100235		3.629738		13.870487		47.099983		115.923140		243.566034		404.039753		522.000769		587.206361		620.192063		636.587129		644.734073		648.791555		650.815878		
17.100000	1.824798		1.797017		1.813181		3.336793		13.748765		47.366748		112.673708		226.041457		374.702930		489.080680		554.033300		587.373148		604.071084		612.401073		616.557964		618.633957		
17.200000	1.683839		1.667205		1.719794		3.314454		13.250955		45.009244		107.383296		213.274732		356.754675		471.891692		539.106700		574.152992		591.853446		600.722035		605.157516		607.375119		
17.300000	1.659640		1.669736		1.826564		3.539023		12.520535		40.922882		103.461507		216.582983		366.223014		484.628091		553.521005		589.428176		607.566231		616.655602		621.201992		623.475181		
17.400000	1.749396		1.795074		2.095876		3.929041		11.839701		36.709258		101.205835		230.225937		392.544612		513.861195		582.171087		617.169596		634.694409		643.437585		647.801051		649.980334		
17.500000	1.926689		2.009280		2.460502		4.383574		11.568422		34.280425		99.892703		240.862943		414.026766		537.619366		604.903284		638.692049		655.426776		663.728015		667.858772		669.918765		
17.600000	2.151150		2.265881		2.846559		4.818138		11.943093		34.957968		99.719761		239.808128		415.344090		541.221412		609.609965		643.862126		660.795212		669.185942		673.358858		675.439266		
17.700000	2.380562		2.518420		3.189259		5.171214		12.868757		38.519280		101.208398		227.375740		394.033193		520.488372		591.640090		627.977916		646.129324		655.172143		659.681659		661.932981		
17.800000	2.578481		2.727113		3.435312		5.389707		13.935600		43.260373		105.197725		215.448292		366.775218		488.870747		560.368725		597.711292		616.588252		626.050621		630.784163		633.151062		
17.900000	2.716072		2.860287		3.541826		5.423116		14.659983		47.064416		112.068524		219.829478		362.246529		476.910549		544.397957		579.793396		597.731185		606.735110		611.242531		613.497185		
18.000000	2.772071		2.895515		3.482216		5.237290		14.705719		48.364131		119.192404		241.441520		390.656833		502.175514		565.139043		597.459570		613.660818		621.748255		625.785638		627.802362		
18.100000	2.734746		2.823391		3.258012		4.837679		13.964118		46.512471		121.578573		263.224934		430.935910		548.673388		612.150020		643.849051		659.500937		667.252601		671.106714		673.027946		
18.200000	2.606039		2.652403		2.907069		4.286902		12.588790		41.970047		116.060879		266.638728		451.036262		581.441217		651.656345		686.635350		703.876314		712.406120		716.644748		718.757043		
18.300000	2.404710		2.410637		2.498447		3.698013		11.012213		36.457277		104.242307		245.345389		429.441553		567.362242		644.389430		683.568085		703.096368		712.814277		717.657697		720.075022		
18.400000	2.164404		2.140482		2.111321		3.193941		9.812660		32.505814		92.712054		212.391341		375.632447		505.648563		581.294179		620.681056		640.561341		650.519175		655.498714		657.988154		
18.500000	1.924505		1.886186		1.807692		2.854761		9.400619		32.091611		89.600278		196.042266		337.179349		450.459542		517.117963		552.094311		569.826595		578.729491		583.186919		585.416718		
18.600000	1.716666		1.679557		1.615836		2.694719		9.766422		35.262306		97.681349		213.268820		355.229840		461.347712		521.326924		552.149197		567.610817		575.332325		579.187909		581.114049		
18.700000	1.554703		1.531731		1.532331		2.683795		10.548546		40.152798		111.533933		250.604336		417.406834		534.925652		598.356553		630.049506		645.702878		653.456479		657.311869		659.233818		
18.800000	1.434752		1.435583		1.535072		2.782141		11.326123		44.349971		122.690640		279.150931		472.713024		610.445038		684.807804		721.898601		740.191025		749.243562		753.742564		755.984766		
18.900000	1.345461		1.376402		1.595523		2.951437		11.810720		46.109341		125.435402		278.160274		473.882068		619.518712		700.532626		741.640745		762.103103		772.278470		777.347984		779.877667		
19.000000	1.280007		1.342862		1.684375		3.143829		11.844801		44.729819		119.035971		248.856609		415.318532		544.674337		619.114890		657.664844		677.069149		686.774972		691.625059		694.048919		
19.100000	1.240509		1.330721		1.772013		3.295295		11.388593		40.684094		108.012778		217.272363		350.584552		454.625544		515.292272		547.014622		563.073153		571.130105		575.162645		577.179564		
19.200000	1.232571		1.338545		1.829865		3.343511		10.588876		35.707664		99.101433		211.698221		344.633357		442.719256		497.987095		526.373665		540.613897		547.726109		551.277690		553.052027		
19.300000	1.255781		1.361188		1.836997		3.261747		9.789617		32.247716		96.387473		233.141106		401.720817		522.065705		587.522661		620.373570		636.638634		644.705659		648.719570		650.721221		
19.400000	1.298562		1.387464		1.788316		3.075703		9.345127		32.081922		99.733963		258.243249		464.831521		614.788869		696.553322		737.550481		757.825675		767.873899		772.871415		775.362992		
19.500000	1.342027		1.404139		1.696306		2.843830		9.365981		35.100521		106.254395		264.288341		473.924914		630.454605		717.457367		761.563217		783.504703		794.411997		799.845224		802.556158		
19.600000	1.370446		1.403381		1.584314		2.622551		9.674755		39.446040		112.496184		247.807980		419.224416		549.616000		623.684140		661.774698		680.878444		690.416270		695.177950		697.556509		
19.700000	1.380309		1.388068		1.477396		2.447231		9.991147		42.829330		116.839265		229.305972		357.120129		453.283736		508.504360		537.186415		551.660969		558.912402		562.539130		564.352424		
19.800000	1.380153		1.369903		1.395877		2.332615		10.104838		43.706503		119.256609		233.500689		358.243926		448.274576		498.738471		524.628692		537.614332		544.100004		547.338809		548.956919		
19.900000	1.380076		1.359803		1.351106		2.279207		9.924430		41.677678		118.585367		258.230178		424.973900		544.610205		610.133537		643.163828		659.557959		667.699505		671.753178		673.775334		
20.000000	1.378870		1.356752		1.341615		2.275412		9.486101		37.549852		113.122452		276.260261		487.662026		642.370413		727.224334		769.909700		791.055656		801.544476		806.763396		809.365924		
20.100000	1.359830		1.344238		1.351321		2.295536		8.954556		33.215054		104.002404		266.413682		481.724883		641.642003		730.162728		774.922648		797.157026		808.201288		813.700517		816.443818		
20.200000	1.299695		1.298223		1.353205		2.303127		8.553481		30.904880		95.980087		233.645350		408.191357		538.137986		610.905696		648.035869		666.582124		675.822329		680.430563		682.731252		
20.300000	1.184466		1.201697		1.319554		2.265154		8.420888		31.835975		94.797332		207.099384		336.195481		431.074674		484.763088		512.448989		526.372564		533.336254		536.816193		538.555383		
20.400000	1.020340		1.055841		1.234831		2.168429		8.515343		35.304435		102.681344		215.685599		342.804203		435.009881		486.797534		513.403999		526.760592		533.434846		536.768704		538.434530		
20.500000	0.832049		0.880529		1.103876		2.026578		8.678356		39.239293		115.399891		255.124973		425.853344		550.735381		619.931401		655.036431		672.519027		681.216159		685.550263		687.713269		
20.600000	0.650414		0.704317		0.949486		1.873640		8.760707		41.599380		125.077612		290.641969		503.122543		659.524870		745.672966		789.105960		810.646074		821.336236		826.656776		829.310336		
20.700000	0.497852		0.550611		0.799678		1.746597		8.673213		41.256925		125.883913		293.182516		504.288506		658.467069		743.097041		785.688632		806.791302		817.259101		822.467620		825.064970		
20.800000	0.381390		0.429283		0.673540		1.666746		8.394008		38.215137		116.957078		261.549585		430.920604		552.259655		618.925841		652.614217		669.358038		677.679227		681.823857		683.891768		
20.900000	0.297597		0.339582		0.577054		1.632929		8.006029		33.756746		103.132939		222.114582		351.018785		442.208501		492.892818		518.818741		531.808181		538.292962		541.530721		543.148171		
21.000000	0.244724		0.281196		0.511257		1.629335		7.697585		30.219917		93.124877		209.291507		343.001800		440.233513		494.860751		522.931361		537.024972		544.068137		547.586446		549.344481		
21.100000	0.230899		0.262762		0.482976		1.638913		7.637049		29.684154		93.284047		230.856505		409.547884		543.152500		617.903068		656.005396		675.025447		684.498621		689.222258		691.580367		
21.200000	0.270268		0.298877		0.505926		1.653377		7.821250		32.351834		102.585937		262.267774		476.624947		636.445976		724.890271		769.571147		791.751086		802.763829		808.246156		810.980712		
21.300000	0.370072		0.397419		0.589796		1.674813		8.088544		36.446277		114.406639		276.748123		483.283591		633.480124		715.578769		756.786620		777.173251		787.277868		792.303628		794.809321		
21.400000	0.519781		0.548092		0.726957		1.707131		8.266139		39.690167		122.173864		267.532717		431.824142		546.922410		609.431019		640.837050		656.401994		664.126338		667.970969		669.888521		
21.500000	0.690708		0.721469		0.889039		1.745284		8.251717		40.553476		123.122247		250.285106		379.163681		467.501330		515.955756		540.602476		552.920082		559.062243		562.127200		563.657900		
21.600000	0.846125		0.879482		1.037933		1.776625		8.000349		38.550865		117.886969		245.869872		384.446187		483.306361		538.463846		566.717881		580.881509		587.954109		591.485724		593.250058		
21.700000	0.956019		0.991230		1.144509		1.796688		7.545258		34.385259		108.601232		253.862173		435.420499		569.906566		644.893569		683.046330		702.071863		711.542460		716.263428		718.619852		
21.800000	1.008264		1.044769		1.201615		1.823402		7.062903		30.054396		99.062652		257.724255		468.739384		625.062589		711.231060		754.659309		776.188655		786.870719		792.186454		794.837414		
21.900000	1.009116		1.047180		1.221330		1.889670		6.834426		28.017020		94.271860		249.574661		450.918947		596.970407		676.571342		716.460541		736.178590		745.947840		750.805813		753.227610		
22.000000	0.972877		1.013286		1.218988		2.012156		7.041204		29.459305		96.994823		235.578849		399.129878		514.425377		577.144020		608.693535		624.342759		632.112846		635.981312		637.911032		
22.100000	0.909750		0.953097		1.198760		2.165113		7.595499		33.369483		105.921877		231.564985		366.502080		460.565473		512.413219		538.834554		552.050106		558.642717		561.933118		563.576576		
22.200000	0.822517		0.869038		1.154482		2.291959		8.214406		37.441831		116.821973		248.875960		395.036508		499.918670		558.415786		588.341430		603.328210		610.807463		614.540950		616.405828		
22.300000	0.713080		0.763381		1.083078		2.345464		8.628400		39.624610		124.147794		275.546793		456.820319		589.029348		662.175982		699.227135		717.657523		726.819714		731.383812		733.661138		
22.400000	0.590473		0.646345		0.995055		2.315386		8.699551		38.948626		123.438898		287.404579		489.374235		635.027165		714.344561		754.066774		773.692517		783.412963		788.245808		790.654850		
22.500000	0.472868		0.537047		0.911937		2.221888		8.420000		35.742985		114.233984		272.877165		464.639797		600.324154		673.564028		710.111968		728.143142		737.068230		741.504375		743.715375		
22.600000	0.382830		0.457503		0.854989		2.091325		7.878192		31.586053		101.168031		240.933800		402.281542		514.957275		576.119751		606.888985		622.157664		629.741263		633.517610		635.401573		
22.700000	0.339163		0.424395		0.836305		1.944992		7.230413		28.656462		92.114472		217.026003		359.123431		459.757372		515.428586		543.819788		558.022395		565.107402		568.643507		570.409667		
22.800000	0.349817		0.443335		0.858577		1.811965		6.665638		28.407749		93.040707		221.606323		376.264950		489.358586		552.531003		584.803462		600.945115		608.994438		613.010772		615.016485		
22.900000	0.410488		0.509057		0.921301		1.744069		6.360360		30.588897		103.064480		248.565931		429.968585		562.839138		636.179938		673.241092		691.648292		700.791122		705.343515		707.614472		
23.000000	0.510836		0.611942		1.026207		1.803257		6.428707		33.641541		115.391086		275.309599		470.222989		609.751795		685.458019		723.306127		741.990322		751.240654		755.838839		758.130680		
23.100000	0.643456		0.745689		1.175950		2.023733		6.865905		35.873216		122.640220		283.332296		467.782400		596.273703		665.407671		699.904688		716.931672		725.362744		729.554250		731.643566		
23.200000	0.806867		0.908741		1.366748		2.382591		7.523257		36.199301		121.070451		269.781631		429.115200		537.705537		596.243542		625.636431		640.214457		647.453935		651.058756		652.857119		
23.300000	1.000014		1.098651		1.583104		2.806473		8.179472		34.464459		111.775767		248.560486		395.162593		496.246016		551.407344		579.332071		593.246732		600.174003		603.627799		605.351943		
23.400000	1.214589		1.306115		1.801884		3.208772		8.677252		31.733245		100.008320		234.614166		393.198724		506.837938		569.399088		601.074067		616.837239		624.676765		628.583002		630.532359		
23.500000	1.432001		1.513902		2.002165		3.525326		8.986553		29.943152		93.069389		233.078583		411.814282		542.239747		613.813824		649.838725		667.690234		676.546127		680.952829		683.150394		
23.600000	1.626147		1.699838		2.170355		3.722573		9.123736		30.430497		95.645611		242.350037		430.790091		567.781812		642.668476		680.273154		698.884555		708.111617		712.701558		714.990138		
23.700000	1.769899		1.841302		2.297214		3.785840		9.056738		32.688271		105.492247		254.155631		433.081047		560.521801		630.045038		665.035568		682.391456		691.008269		695.298049		697.437862		
23.800000	1.842969		1.920580		2.374430		3.716012		8.746459		34.970404		115.779610		261.106615		419.336824		528.243299		587.302845		617.059204		631.844947		639.194723		642.856289		644.683421		
23.900000	1.837613		1.929553		2.397528		3.543260		8.247231		35.803629		120.983393		264.943514		414.208287		515.079309		569.393949		596.664363		610.189821		616.906594		620.251129		621.919637		
24.000000	1.758624		1.870711		2.371697		3.336382		7.713163		34.640101		118.650813		266.183788		425.623931		534.697626		593.198523		622.383822		636.791662		643.926902		647.474496		649.242927		
24.100000	1.619381		1.755041		2.313586		3.186679		7.321614		31.847864		109.221815		259.969327		436.256328		560.000254		626.683916		659.940089		676.341821		684.458845		688.492940		690.503449		
24.200000	1.440042		1.601010		2.247231		3.171520		7.210091		28.761232		97.268233		245.727508		430.585276		563.800059		636.621517		673.250912		691.404864		700.412827		704.895886		707.131724		
24.300000	1.249191		1.435245		2.196074		3.321211		7.450543		27.256638		90.265571		230.886150		406.444946		533.594706		603.705984		639.229361		656.917128		665.716814		670.102323		672.291080		
24.400000	1.083564		1.290759		2.174799		3.607994		8.018744		28.417567		92.996801		226.704969		383.911826		495.108000		556.001824		586.802726		602.133884		609.760906		613.562068		615.459220		
24.500000	0.982004		1.201046		2.186840		3.960869		8.769007		31.556812		103.603685		238.796686		387.951227		490.258265		545.293508		572.834621		586.460414		593.217049		596.578751		598.255128		
24.600000	0.975844		1.192829		2.229453		4.295752		9.480116		34.826942		115.576678		260.571000		417.637706		524.047434		580.557266		608.558642		622.327063		629.130903		632.509909		634.193331		
24.700000	1.079841		1.279783		2.299778		4.541202		9.949726		36.528401		122.149077		278.181667		451.373255		570.480167		634.212450		665.916664		681.537852		689.265473		693.105342		695.018891		
24.800000	1.286471		1.457934		2.395282		4.649015		10.052953		35.836727		119.283408		277.921481		459.845125		587.759473		657.341949		692.338340		709.693776		718.309801		722.599076		724.738614		
24.900000	1.566721		1.705327		2.511918		4.601297		9.762399		33.063589		107.980691		256.718699		429.078294		550.618990		617.042453		650.588772		667.270404		675.564795		679.697381		681.759643		
25.000000	1.879280		1.988831		2.646666		4.425184		9.165269		29.669941		94.849088		229.195518		384.379918		492.299860		550.688454		580.002462		594.532358		601.744617		605.334918		607.125778		
25.100000	2.183359		2.274634		2.802118		4.200962		8.456928		27.542409		88.274821		215.468181		362.907409		464.449207		518.704569		545.684601		558.978953		565.556285		568.824846		570.453769		
25.200000	2.446062		2.534406		2.985328		4.043225		7.883939		27.672763		92.295938		224.727777		379.570992		487.185803		544.856369		573.546069		587.680049		594.671253		598.144990		599.876027		
25.300000	2.641809		2.744672		3.199904		4.058150		7.659560		29.542572		103.665882		249.861266		421.073484		542.359163		608.458341		641.708911		658.196069		666.379846		670.453564		672.485476		
25.400000	2.750406		2.884942		3.437660		4.300262		7.882667		31.791378		114.644600		271.669385		450.669632		577.182233		646.520563		681.591049		699.042715		707.722808		712.048240		714.206903		
25.500000	2.759641		2.939690		3.675662		4.753139		8.495694		33.148938		118.569214		274.991002		443.768986		558.869235		620.824658		651.884558		667.272868		674.910000		678.711563		680.607750		
25.600000	2.671155		2.903655		3.880626		5.342204		9.328778		32.925621		113.300907		260.288392		413.056544		512.887570		564.980760		590.600506		603.157262		609.353354		612.428444		613.959953		
25.700000	2.504814		2.786914		4.018462		5.962241		10.203650		31.382241		101.740806		237.924933		384.394608		480.485955		530.306298		554.644610		566.519377		572.363629		575.260031		576.701497		
25.800000	2.298178		2.616437		4.063580		6.495082		10.988614		29.832498		91.144473		221.617114		376.510468		484.800472		543.086969		572.174388		586.532211		593.641880		597.176520		598.938431		
25.900000	2.098880		2.431161		4.004009		6.818456		11.552537		29.718814		89.195970		221.985015		390.922429		515.614207		585.154738		620.600508		638.303566		647.124413		651.523862		653.720425		
26.000000	1.949925		2.269912		3.843067		6.830089		11.719843		31.169372		97.182988		236.924758		408.717184		534.377170		604.419693		640.159895		658.026854		666.934563		671.378762		673.598041		
26.100000	1.874749		2.158185		3.600519		6.493984		11.360255		32.900001		108.687185		254.127369		414.223617		523.479891		582.060172		611.327523		625.796358		632.968473		636.536282		638.315289		
26.200000	1.872821		2.103624		3.314033		5.876847		10.536620		33.567565		116.068953		263.933526		411.083573		503.569795		550.475304		573.128405		584.115410		589.506281		592.173859		593.500411		
26.300000	1.928729		2.102920		3.037798		5.136711		9.504210		32.651128		115.317304		263.481136		410.386266		502.252998		548.628414		570.950445		581.754553		587.049579		589.668131		590.969893		
26.400000	2.025566		2.151969		2.834278		4.465430		8.551946		30.362461		106.339022		252.321891		412.714001		521.926565		580.361440		609.510445		623.906685		631.038900		634.585829		636.354159		
26.500000	2.151688		2.249577		2.759216		4.024917		7.873093		27.557123		93.524663		232.923308		404.099564		529.470324		599.483173		635.256866		653.154916		662.081999		666.536870		668.761734		
26.600000	2.298622		2.393288		2.846169		3.915263		7.576115		25.634998		85.065336		216.373372		381.765888		503.420499		571.296776		605.934756		623.249890		631.882088		636.188707		638.339251		
26.700000	2.455016		2.572566		3.097262		4.176286		7.748156		25.730908		86.811534		215.097749		364.379717		467.392297		522.499465		549.928763		563.453014		570.146565		573.473548		575.131760		
26.800000	2.602258		2.764814		3.480744		4.790824		8.431672		27.767546		96.979542		230.055546		368.919437		457.428912		502.372356		524.044809		534.541066		539.686435		542.231231		543.496384		
26.900000	2.716484		2.938226		3.933829		5.670010		9.527375		30.545680		108.608669		252.436916		398.258361		491.378208		539.184177		562.458300		573.799888		579.379094		582.143592		583.519291		
27.000000	2.778909		3.063028		4.373760		6.645620		10.767143		32.607076		114.702900		268.554389		433.140482		545.206542		605.661696		636.034259		651.102600		658.586645		662.313506		664.172816		
27.100000	2.788252		3.125322		4.718479		7.505110		11.823349		33.002626		111.353323		264.365356		437.182311		559.234905		626.465976		660.628964		677.679810		686.174760		690.411686		692.527143		
27.200000	2.763456		3.132330		4.908904		8.061735		12.460017		31.778803		100.372449		239.852501		400.028739		511.681743		572.194847		602.597799		617.671779		625.154982		628.880349		630.738625		
27.300000	2.732198		3.104263		4.922112		8.215416		12.601533		29.985382		89.244293		212.906697		352.765096		446.102321		494.755225		518.571172		530.201477		535.927875		538.766472		540.179319		
27.400000	2.713868		3.060063		4.771646		7.970152		12.299582		28.876003		85.760153		203.780649		335.134073		421.454318		465.950771		487.580677		498.101543		503.270639		505.830140		507.103353		
27.500000	2.709400		3.007687		4.497534		7.408647		11.667343		28.886158		91.707636		218.978411		362.397451		461.060150		514.162615		540.750034		553.909614		560.436870		563.684955		565.304809		
27.600000	2.702875		2.943244		4.151617		6.651627		10.837585		29.517087		102.025351		246.139647		409.640566		525.809278		590.147437		622.958723		639.369102		647.554129		651.638852		653.678918		
27.700000	2.672050		2.857432		3.786249		5.832145		9.943599		29.979604		109.281846		263.634962		432.801386		549.932848		613.793651		646.074304		662.142655		670.137276		674.121937		676.110758		
27.800000	2.601988		2.745665		3.451325		5.089608		9.110880		29.652493		108.589159		259.006096		414.395443		514.792279		566.739006		592.152435		604.570985		610.689117		613.723012		615.233370		
27.900000	2.494221		2.615607		3.194287		4.559996		8.457388		28.333389		99.930370		236.457930		374.043225		458.601579		500.392701		520.199363		529.696330		534.326580		536.610111		537.743728		
28.000000	2.364801		2.485377		3.053873		4.346968		8.091151		26.545468		88.484376		211.529858		344.858162		431.974390		477.010160		498.989733		509.711621		514.988530		517.603854		518.905470		
28.100000	2.233030		2.373186		3.047622		4.489307		8.093665		25.377129		82.266983		201.446725		346.141049		451.393044		510.066345		540.046159		555.050088		562.535480		566.271450		568.137426		
28.200000	2.111600		2.287976		3.162524		4.946857		8.487946		25.545804		85.788946		212.647798		369.603842		486.825859		553.389792		587.765716		605.068269		613.725992		618.053579		620.216687		
28.300000	2.006880		2.229367		3.356839		5.610193		9.216563		26.753701		95.511477		234.124710		390.468257		499.468822		558.829388		588.770854		603.651843		611.049039		614.734149		616.572996		
28.400000	1.926774		2.195615		3.574140		6.328971		10.157261		28.200111		103.894117		249.156540		393.806076		483.288940		528.036253		549.445842		559.773179		564.825365		567.321479		568.561782		
28.500000	1.886363		2.191315		3.763604		6.949856		11.145964		29.286667		105.859826		250.355757		386.902436		466.627983		504.750335		522.463417		530.861985		534.932158		536.933205		537.925004		
28.600000	1.905090		2.228120		3.896021		7.351071		11.980198		29.705865		100.375041		238.473405		380.583276		471.927202		519.228892		542.432067		553.795705		559.401853		562.183990		563.569573		
28.700000	1.996621		2.317242		3.967023		7.465205		12.447530		29.464491		90.632258		218.108294		369.575222		479.630283		541.307241		572.967920		588.858830		596.799401		600.765874		602.747830		
28.800000	2.156649		2.457369		3.987177		7.287986		12.400823		28.986295		83.779995		202.032457		352.157527		465.261066		529.629547		562.887746		579.628920		588.005678		592.192759		594.285614		
28.900000	2.355916		2.625543		3.966581		6.870404		11.818674		28.709120		85.330729		203.082694		341.812091		439.437891		492.437005		519.054506		532.243967		538.789008		542.046580		543.671311		
29.000000	2.545167		2.779171		3.904792		6.298083		10.801802		28.504977		93.344152		219.348512		348.062977		428.100960		467.977416		486.969599		496.101326		500.560129		502.760805		503.853719		
29.100000	2.671950		2.870854		3.793810		5.673564		9.540402		27.828758		101.045576		239.156883		371.820595		451.416480		490.526598		509.072153		517.978288		522.325634		524.471163		525.536682		
29.200000	2.699774		2.867724		3.632148		5.110217		8.304745		26.348160		102.648577		249.919676		399.910536		497.743911		549.429434		575.163414		587.880393		594.185265		597.322264		598.886650		
29.300000	2.617987		2.762748		3.436544		4.723185		7.426663		24.318236		96.045602		240.480074		400.598829		512.884100		574.918537		606.575451		622.423036		630.332307		634.280823		636.253237		
29.400000	2.438684		2.571858		3.237813		4.599888		7.199217		22.581232		84.537759		213.328883		362.758480		468.793528		527.179924		556.822739		571.608522		578.972407		582.644520		584.477793		
29.500000	2.186600		2.322000		3.062801		4.759603		7.724888		22.196286		76.121016		188.522682		316.950188		404.059063		450.032911		472.712904		483.837271		489.327449		492.052263		493.409319		
29.600000	1.890129		2.040202		2.918399		5.132499		8.837375		23.658943		77.321294		185.813162		302.998632		378.519302		416.964186		435.511026		444.493662		448.896865		451.074531		452.157144		
29.700000	1.577931		1.750241		2.791278		5.578584		10.172222		26.352983		87.171406		207.449892		334.769371		418.721442		462.968042		484.905407		495.713256		501.062072		503.720831		505.046064		
29.800000	1.280663		1.476498		2.663338		5.938260		11.325615		29.006342		98.605381		236.943331		385.967548		488.613672		544.897522		573.535628		587.854855		594.997626		598.562629		600.343261		
29.900000	1.032695		1.248285		2.530352		6.086106		11.968650		30.497659		104.282273		251.444387		409.518098		517.815785		576.886392		606.830223		621.768894		629.211552		632.923855		634.777453		
30.000000	0.867717		1.096883		2.408589		5.965614		11.889945		30.147806		100.649098		239.994363		385.275684		479.853472		529.198390		553.491672		565.409172		571.293200		574.214347		575.669430		
30.100000	0.807865		1.043979		2.323262		5.599474		11.053893		27.912306		89.503146		210.564797		335.053067		412.593377		451.249778		469.668469		478.526827		482.852828		484.988140		486.048640		
30.200000	0.853518		1.089574		2.288592		5.077698		9.672466		24.698928		77.826906		184.002249		299.306397		374.957476		414.205301		433.407190		442.787972		447.408624		449.699685		450.840172		
30.300000	0.981946		1.209830		2.298075		4.529290		8.170907		22.035510		73.625583		180.219535		305.593278		396.253722		446.996003		473.041851		486.116817		492.651223		495.915577		497.546779		
30.400000	1.156061		1.367123		2.332814		4.087268		7.009019		20.964126		78.871878		200.240854		342.894868		447.635600		507.128411		537.953677		553.508787		561.304013		565.203698		567.153760		
30.500000	1.337102		1.524527		2.377010		3.856321		6.487732		21.399735		87.965682		224.737752		373.019296		474.250324		529.126738		556.814942		570.589497		577.441615		580.856614		582.561063		
30.600000	1.494033		1.655344		2.425002		3.889847		6.686012		22.596872		93.767182		234.977489		373.765474		458.348649		500.348292		520.387995		530.044331		534.766241		537.098745		538.257651		
30.700000	1.606109		1.743919		2.475387		4.179497		7.515874		23.879227		92.688459		226.171536		353.410318		427.579495		462.954251		479.363089		487.135990		490.901103		492.751707		493.668824		
30.800000	1.659816		1.780453		2.519396		4.651922		8.771799		24.919644		85.839412		204.644828		329.006250		410.286392		452.909913		473.989535		484.362096		489.492413		492.041807		493.312342		
30.900000	1.645239		1.756339		2.534848		5.170686		10.127659		25.669667		78.656636		185.130289		313.231515		409.033578		463.957300		492.547326		507.008184		514.263561		517.895322		519.711944		
31.000000	1.556575		1.665313		2.493307		5.560517		11.171062		26.158693		77.094984		182.589306		313.501029		413.297806		470.999974		501.141974		516.410716		524.076615		527.915090		529.835407		
31.100000	1.397018		1.509722		2.377097		5.667218		11.544574		26.329911		81.880191		197.054610		325.632000		414.270456		462.272342		486.421902		498.409582		504.364990		507.330963		508.810750		
31.200000	1.183087		1.305348		2.192080		5.426881		11.111875		26.061511		88.503113		215.568927		340.335286		415.127761		451.623635		468.816799		477.036997		481.039169		483.011590		483.990429		
31.300000	0.942710		1.078637		1.964867		4.895307		10.018600		25.244339		91.795510		226.044667		354.472598		429.988628		466.541340		483.722559		491.934396		495.932929		497.903818		498.881982		
31.400000	0.706591		0.857198		1.728011		4.216156		8.613773		23.865055		88.764506		220.241618		357.161655		447.482643		495.603724		519.702106		531.652043		537.587864		540.544174		542.019201		
31.500000	0.498655		0.660770		1.506414		3.553644		7.288793		22.183631		80.573966		198.735426		335.394616		435.346153		492.160394		521.637339		536.526347		543.991934		547.727832		549.596281		
31.600000	0.332199		0.499071		1.314374		3.038614		6.338081		20.751026		73.002121		176.991623		301.603490		394.382788		447.253276		474.643838		488.457212		495.376395		498.836887		500.567074		
31.700000	0.213334		0.376817		1.162247		2.755077		5.925584		20.054172		71.660138		172.459881		284.145946		360.642052		401.704513		422.220412		432.360698		437.386296		439.886039		441.132405		
31.800000	0.147160		0.300262		1.063368		2.746888		6.121122		20.202124		76.433869		187.341318		298.592235		367.361205		401.759317		418.233723		426.187489		430.080720		432.004850		432.961100		
31.900000	0.140379		0.278797		1.032134		3.009392		6.898696		21.082417		82.763668		209.302813		336.656552		416.906133		458.183876		478.409764		488.318149		493.208305		495.635772		496.844904		
32.000000	0.197605		0.319823		1.074114		3.468741		8.076868		22.496897		86.232925		221.071735		365.054562		462.630938		515.761742		542.737244		556.217363		562.940617		566.296135		567.972125		
32.100000	0.314204		0.421025		1.178223		3.984950		9.304610		23.961916		84.620625		212.213006		354.028850		453.630903		508.921417		537.254804		551.476239		558.584446		562.135826		563.910570		
32.200000	0.472018		0.566470		1.318753		4.397812		10.184117		24.847400		78.955567		188.023523		309.586886		394.067225		440.164401		463.471891		475.074875		480.848072		483.725599		485.161843		
32.300000	0.642935		0.730274		1.465625		4.592879		10.465351		24.938330		73.991091		167.745375		268.831479		336.352220		371.938071		389.514246		398.144863		402.407283		404.523569		405.577768		
32.400000	0.799182		0.885980		1.595249		4.543226		10.140134		24.489975		74.348990		169.711166		270.572482		337.630182		373.165697		390.830874		399.544620		403.859541		406.004970		407.074482		
32.500000	0.923351		1.015374		1.695190		4.301778		9.372078		23.683361		79.140469		191.524337		313.586965		398.155643		444.795543		468.626238		480.571767		486.538705		489.518993		491.008123		
32.600000	1.010757		1.110585		1.760850		3.961321		8.385474		22.473403		83.114266		211.810307		353.101730		451.841175		506.731813		534.928031		549.105025		556.198143		559.743899		561.516327		
32.700000	1.062826		1.168653		1.788589		3.618225		7.428761		21.004539		82.320439		213.400520		353.843474		448.333357		499.274072		524.943589		537.712526		544.065071		547.231390		548.811814		
32.800000	1.077754		1.184330		1.772354		3.353770		6.759166		19.776676		76.704149		194.787340		317.193312		395.531311		435.877911		455.586309		465.212849		469.954919		472.306373		473.476985		
32.900000	1.046910		1.148186		1.706302		3.222190		6.563732		19.297941		69.739170		168.906871		272.051597		338.701067		373.177090		390.042740		398.284623		402.345233		404.358883		405.361348		
33.000000	0.960647		1.052374		1.589972		3.237891		6.870559		19.739533		66.703858		157.103817		258.427680		330.881446		371.417371		392.246930		402.712137		407.944851		410.559616		411.866394		
33.100000	0.819695		0.900453		1.432389		3.369015		7.545965		20.876011		70.230374		169.095523		285.670534		373.725612		424.973574		451.929957		465.646188		472.549877		476.011260		477.744099		
33.200000	0.643454		0.714287		1.254267		3.547963		8.368557		22.229138		77.360593		192.283859		322.155325		415.654208		468.525871		495.918167		509.748942		516.683198		520.153106		521.888509		
33.300000	0.467976		0.531880		1.087354		3.699763		9.107862		23.293114		82.637755		207.551212		337.823129		422.594202		467.118836		489.190718		500.069315		505.454967		508.132581		509.467360		
33.400000	0.333066		0.394942		0.968063		3.772831		9.572596		23.678260		82.351188		204.180924		324.824585		397.849763		433.886160		451.016947		459.255150		463.279443		465.266299		466.253209		
33.500000	0.266057		0.332514		0.925442		3.753729		9.647846		23.253600		76.389780		184.291108		295.024563		365.997977		402.779080		420.847857		429.706564		434.079748		436.250770		437.332197		
33.600000	0.273385		0.351459		0.969765		3.663396		9.333783		22.313263		68.807320		162.338961		271.068835		351.955131		398.545120		422.906152		435.262528		441.471594		444.582117		446.138655		
33.700000	0.345153		0.439647		1.088766		3.542836		8.748310		21.430489		65.454959		154.977779		266.590587		355.059939		407.935002		436.120096		450.556550		457.846627		461.507720		463.342034		
33.800000	0.466923		0.577423		1.253510		3.435543		8.067311		20.940841		68.546853		166.879337		281.162823		365.311719		413.380995		438.387257		451.034820		457.380644		460.557217		462.146183		
33.900000	0.628152		0.747776		1.430790		3.375639		7.459646		20.676880		74.525729		186.574349		303.047189		378.071910		417.025962		436.172757		445.560980		450.195547		452.496287		453.642314		
34.000000	0.821590		0.938814		1.595546		3.387597		7.077678		20.338840		78.103603		198.023794		316.663891		388.543610		424.126787		441.095383		449.273416		453.273455		455.249714		456.231718		
34.100000	1.036224		1.138906		1.735308		3.487772		7.058554		19.906472		76.477347		193.287988		314.816096		394.704881		437.169892		458.407321		468.930803		474.156032		476.757913		478.055968		
34.200000	1.250729		1.329894		1.843599		3.673182		7.472579		19.619066		70.509634		174.503829		294.344294		383.577944		435.231197		462.346973		476.133479		483.070184		486.547579		488.288303		
34.300000	1.433976		1.485700		1.910657		3.903984		8.249567		19.788402		64.431682		154.391443		263.658253		349.213143		400.082718		427.132752		440.971066		447.954851		451.461054		453.217495		
34.400000	1.555553		1.581107		1.924782		4.105222		9.163304		20.620483		63.015590		149.655895		249.866531		323.488258		365.391086		387.122130		398.091539		403.589281		406.339714		407.715105		
34.500000	1.601450		1.606762		1.886415		4.201230		9.914865		22.023030		67.256302		163.293281		265.891833		333.447434		368.978428		386.562018		395.213841		399.492408		401.618300		402.677704		
34.600000	1.582929		1.578088		1.820947		4.162141		10.263314		23.508884		73.849777		183.046868		297.947834		372.195984		410.887013		429.968392		439.345933		443.981396		446.284236		447.431738		
34.700000	1.530370		1.528810		1.774433		4.025427		10.110924		24.338565		78.112911		194.004747		321.909754		410.707029		459.749288		484.839999		497.427995		503.718962		506.861921		508.432547		
34.800000	1.476311		1.492716		1.790602		3.874819		9.517708		23.935315		76.947263		186.427606		312.269514		405.266659		458.866485		486.946368		501.209138		508.382091		511.977085		513.776470		
34.900000	1.440011		1.486556		1.883943		3.791966		8.674133		22.271498		71.100555		165.203966		272.154222		351.791825		397.854130		422.002307		434.267309		440.434622		443.525265		445.072114		
35.000000	1.422551		1.504811		2.028830		3.815840		7.852295		19.907343		64.677945		148.804889		240.176121		305.067121		341.328630		359.945693		369.292866		373.964503		376.298322		377.464540		
35.100000	1.412912		1.527724		2.173599		3.936951		7.341084		17.770950		61.251347		149.364584		244.054575		308.628342		343.640254		361.305674		370.093147		374.464080		376.642374		377.729542		
35.200000	1.399892		1.536401		2.269375		4.120538		7.357837		16.841472		61.527753		162.606792		276.856273		357.076566		401.533331		424.292120		435.709665		441.414983		444.265100		445.689311		
35.300000	1.382604		1.525544		2.292876		4.328050		7.951974		17.675043		64.427325		175.556411		307.242297		403.622849		458.567274		487.163198		501.637687		508.904201		512.542824		514.363228		
35.400000	1.372125		1.505441		2.249135		4.518692		8.968385		19.970814		67.877839		176.747827		304.300118		397.663283		450.916631		478.633811		492.662243		499.704251		503.230275		504.994296		
35.500000	1.382860		1.492460		2.157610		4.640584		10.102281		22.735016		69.776466		165.481505		271.263502		346.153069		387.953267		409.424944		420.212798		425.607048		428.302605		429.649782		
35.600000	1.421799		1.497424		2.037934		4.631806		10.986153		24.916854		70.126986		153.257987		241.192728		302.392424		336.192809		353.435926		362.064164		366.368997		368.517672		369.590894		
35.700000	1.485963		1.522753		1.908728		4.445577		11.274956		25.747394		70.481708		153.139200		243.459399		308.686224		345.711357		364.919246		374.620782		379.485046		381.919117		383.136455		
35.800000	1.569512		1.569401		1.797029		4.092636		10.772928		24.767603		70.541056		164.701841		275.547769		359.183020		407.936449		433.620134		446.701320		453.288845		456.592619		458.246788		
35.900000	1.672141		1.644441		1.743257		3.666884		9.582717		22.157993		68.365283		173.433131		300.573773		396.285537		451.821656		480.997324		495.835640		503.302620		507.046101		508.920088		
36.000000	1.800653		1.760877		1.791448		3.322677		8.132517		19.034717		64.028052		169.310059		292.298063		380.604775		430.156291		455.686859		468.536587		474.968032		478.183510		479.790949		
36.100000	1.962946		1.929641		1.969925		3.211286		6.989125		16.846865		59.814766		155.834805		262.384126		335.547278		375.295189		395.369103		405.359788		410.330574		412.808165		414.044801		
36.200000	2.158342		2.148858		2.275016		3.416859		6.579292		16.354820		57.694689		142.534970		236.013548		302.113889		338.940379		357.824125		367.300559		372.035833		374.401229		375.583176		
36.300000	2.369639		2.396431		2.666147		3.927504		7.039471		17.414790		58.786594		140.199055		235.547730		309.090323		352.616847		375.724740		387.538322		393.498426		396.490241		397.988887		
36.400000	2.563398		2.631885		3.074482		4.647098		8.253492		19.492137		63.031963		152.073856		261.865726		349.370853		402.104480		430.371833		444.896047		452.242612		455.935211		457.786107		
36.500000	2.701243		2.809291		3.422016		5.426475		9.938304		21.955396		68.056904		167.007412		285.727038		375.772206		428.297470		455.962638		470.049717		477.142726		480.699712		482.480583		
36.600000	2.755800		2.894385		3.642925		6.093584		11.677131		24.062245		70.466222		172.248863		286.957636		367.056897		411.129870		433.568674		444.787878		450.383673		453.176349		454.571158		
36.700000	2.720032		2.874783		3.698202		6.484250		12.972216		25.175901		68.697812		164.580956		270.456426		342.492036		381.319655		400.828619		410.509758		415.318989		417.714113		418.909093		
36.800000	2.605322		2.758886		3.580203		6.483244		13.397729		25.117203		64.285650		149.598284		249.019725		322.151904		363.922274		385.649417		396.637273		402.149927		404.909310		406.289558		
36.900000	2.433921		2.568876		3.310058		6.067051		12.790049		24.138661		60.615077		139.056898		239.381020		321.202567		371.065611		397.931777		411.769285		418.776609		422.300691		424.067613		
37.000000	2.232756		2.334604		2.931941		5.321357		11.335731		22.627828		60.075956		140.706957		246.341382		333.796943		387.461129		416.469227		431.433629		439.017565		442.833128		444.746568		
37.100000	2.030460		2.090257		2.506410		4.416266		9.481713		20.929039		62.182846		151.001712		258.834923		341.072181		389.044812		414.283076		427.122379		433.583463		436.822553		438.444003		
37.200000	1.856865		1.873093		2.104169		3.555130		7.743922		19.309150		64.390771		161.070616		269.426753		344.786342		386.034504		406.947334		417.376171		422.570140		425.160272		426.453405		
37.300000	1.743167		1.722453		1.799690		2.928156		6.559340		17.987621		64.183566		162.981956		272.823055		349.165848		391.041765		412.313601		422.934212		428.227211		430.867650		432.186136		
37.400000	1.718677		1.675033		1.660553		2.680023		6.219077		17.207273		60.785866		153.981179		264.258510		347.688985		396.364520		422.006077		435.063152		441.637506		444.934367		446.584991		
37.500000	1.801668		1.754096		1.729898		2.879314		6.825309		17.302620		56.167203		140.091627		248.110764		336.933376		391.376201		420.807516		435.993104		443.690136		447.562882		449.505073		
37.600000	1.989124		1.957832		2.008613		3.489582		8.245414		18.572953		53.947263		131.688648		233.876292		318.206308		369.783304		397.604146		411.939001		419.199313		422.850874		424.681770		
37.700000	2.254494		2.256552		2.450377		4.365232		10.099411		20.901598		56.256308		135.198924		233.427659		308.693172		352.478155		375.439709		387.095876		392.954463		395.889616		397.358431		
37.800000	2.555825		2.601599		2.975321		5.293118		11.852111		23.559104		61.847039		147.870160		250.444002		324.907113		366.616987		388.012603		398.744880		404.105661		406.782900		408.120502		
37.900000	2.847253		2.938800		3.493515		6.067292		13.017569		25.542444		67.202965		159.835435		271.071305		353.766467		401.100233		425.725227		438.176759		444.422934		447.549239		449.112954		
38.000000	3.087175		3.218712		3.924582		6.552946		13.347311		26.130584		69.042973		162.275414		277.979014		369.117119		423.560491		452.601510		467.484953		475.003339		478.779792		480.672087		
38.100000	3.242740		3.402233		4.207054		6.704404		12.876470		25.169138		66.275540		153.186756		263.158452		352.703035		407.344833		436.823761		452.019238		459.717659		463.590205		465.532073		
38.200000	3.292516		3.463397		4.300193		6.542986		11.842997		23.062137		60.588147		139.366860		237.333637		315.285793		362.046229		387.017992		399.819338		406.286230		409.534516		411.162147		
38.300000	3.228129		3.391187		4.185452		6.128022		10.571670		20.609991		55.179360		131.379009		225.462986		297.218652		338.776206		360.498058		371.502838		377.027918		379.794378		381.178364		
38.400000	3.056076		3.192263		3.872758		5.545053		9.392113		18.711095		52.683244		133.097371		236.194632		315.529205		361.542538		385.596741		397.782637		403.900445		406.963607		408.496002		
38.500000	2.800539		2.894973		3.409108		4.905764		8.596062		17.980172		53.928959		140.787594		256.059656		348.226415		403.197365		432.422295		447.365389		454.903956		458.687894		460.583256		
38.600000	2.503904		2.550021		2.878848		4.335733		8.385252		18.495806		57.413757		147.746080		267.104499		364.505488		423.656305		455.454155		471.811922		480.090409		484.252489		486.338971		
38.700000	2.219168		2.221078		2.386232		3.939486		8.791330		19.899922		60.439754		147.939299		257.786581		345.621867		398.538622		426.882938		441.438789		448.799025		452.497866		454.351727		
38.800000	1.994693		1.966240		2.024251		3.763350		9.626894		21.630586		61.526789		142.894130		239.394602		313.199812		356.414347		379.186537		390.778501		396.613312		399.538737		401.003237		
38.900000	1.860341		1.821036		1.847025		3.785981		10.543886		23.053141		60.819933		139.354829		234.747391		307.826069		350.361670		372.658037		383.970282		389.653852		392.500698		393.925156		
39.000000	1.822725		1.792595		1.861216		3.943911		11.195704		23.706396		58.877405		138.717306		244.961509		330.810824		382.229378		409.595908		423.591610		430.652236		434.196180		435.971294		
39.100000	1.869199		1.865006		2.037064		4.171164		11.390592		23.606193		56.896790		138.575480		254.933350		352.949299		413.094519		445.539818		462.252317		470.714863		474.970501		477.104124		
39.200000	1.976094		2.009722		2.326628		4.424635		11.128384		23.095869		56.610138		138.610951		254.269013		351.239317		410.693731		442.772608		459.300957		467.671829		471.881815		473.992669		
39.300000	2.117167		2.194917		2.676319		4.684264		10.543879		22.328772		58.008548		138.713139		243.532076		326.980957		376.715609		403.152249		416.668885		423.487660		426.910264		428.624625		
39.400000	2.268571		2.389943		3.030051		4.939399		9.857981		21.220133		59.063637		138.701905		235.766644		310.123042		353.397905		376.083339		387.594009		393.377632		396.274698		397.724313		
39.500000	2.408103		2.564379		3.328391		5.175797		9.352017		19.948133		58.500939		139.477678		241.212699		321.916252		369.897010		395.336488		408.320090		414.863115		418.145456		419.789078		
39.600000	2.512436		2.686877		3.512951		5.367071		9.283981		19.075976		56.678368		140.521280		253.461293		347.809098		405.660311		436.861181		452.929815		461.065363		465.156279		467.207240		
39.700000	2.559839		2.730998		3.541893		5.474277		9.741761		19.090449		54.187210		138.639410		257.236930		357.954911		420.265316		454.044914		471.490992		480.337132		484.788777		487.021455		
39.800000	2.539301		2.686967		3.410301		5.461428		10.569535		20.107411		52.053127		132.689057		245.190243		338.203957		394.705902		425.033272		440.616211		448.497122		452.457851		454.443013		
39.900000	2.457664		2.568789		3.157994		5.319450		11.458943		21.949770		52.260719		127.861736		230.219496		311.454920		359.335519		384.576437		397.418890		403.880530		407.119451		408.740680		
40.000000	2.337609		2.409055		2.853907		5.074628		12.105252		24.143671		55.722374		129.701819		230.157441		310.839462		358.637138		383.873219		396.718315		403.181858		406.421779		408.043508		
40.100000	2.207615		2.244703		2.566381		4.772257		12.289926		25.857909		60.641030		136.939407		243.967373		334.761996		390.551793		420.616981		436.086687		443.914397		447.849228		449.821596		
40.200000	2.089484		2.102417		2.339214		4.452548		11.898157		26.190725		64.054592		144.541270		258.296465		357.459467		419.680557		453.632106		471.220204		480.151289		484.648857		486.905356		
40.300000	1.988855		1.989918		2.184770		4.140114		10.953035		24.681945		63.694338		147.435071		261.302076		357.750295		417.510326		449.947011		466.711159		475.214620		479.494612		481.641402		
40.400000	1.894044		1.896523		2.092409		3.855095		9.671903		21.680055		58.760937		142.209557		250.545098		336.711309		387.987947		415.213930		429.125031		436.140324		439.660922		441.424204		
40.500000	1.786191		1.803681		2.044015		3.634406		8.459169		18.389306		51.113626		131.095032		237.477311		320.775965		369.372588		394.824235		407.725919		414.204503		417.448589		419.071557		
40.600000	1.655105		1.699546		2.025765		3.533581		7.760942		16.350461		45.139443		121.058048		232.334538		325.313516		381.461697		411.390405		426.697216		434.418069		438.292919		440.233635		
40.700000	1.508154		1.586454		2.028035		3.592762		7.850456		16.513964		44.534054		118.065638		233.802279		337.152882		402.125597		437.526499		455.841308		465.133978		469.811602		472.157906		
40.800000	1.365138		1.476286		2.037931		3.794841		8.702572		18.747028		49.478238		123.561475		237.315760		339.812936		404.967130		440.725018		459.299857		468.744710		473.504180		475.892872		
40.900000	1.245233		1.380358		2.038014		4.061435		10.014597		22.084494		57.166336		134.591379		241.587885		332.193717		388.133558		418.415525		434.041692		441.961320		445.945742		447.943840		
41.000000	1.157313		1.303370		2.015431		4.295593		11.325932		25.196556		63.621702		145.835580		250.556392		332.539679		380.705914		406.070445		418.969968		425.458940		428.711220		430.339052		
41.100000	1.099402		1.244179		1.970515		4.433780		12.189349		26.818652		65.178612		150.314014		262.859524		352.002592		404.391625		431.928720		445.911711		452.939163		456.459540		458.221090		
41.200000	1.065515		1.200760		1.914866		4.463742		12.343903		26.326046		60.653037		142.681978		264.023554		368.018496		431.896971		466.271429		483.940370		492.875688		497.365900		499.616300		
41.300000	1.054334		1.175808		1.862554		4.401546		11.804333		24.197652		53.121086		126.998685		246.733588		355.950977		425.421694		463.508037		483.275104		493.320914		498.381786		500.921372		
41.400000	1.072770		1.178620		1.823817		4.261583		10.806193		21.654690		47.752800		115.054514		223.699573		322.771688		385.910640		420.585583		438.601738		447.763268		452.380129		454.697286		
41.500000	1.129540		1.219124		1.803861		4.054526		9.671489		19.713397		47.375595		115.464064		215.465900		300.595773		352.820516		380.937790		395.399436		402.715849		406.393394		408.236733		
41.600000	1.222020		1.296238		1.803242		3.809859		8.722862		18.762410		50.979106		127.890216		234.278431		320.207553		371.103836		397.949595		411.604268		418.472351		421.914295		423.636949		
41.700000	1.327892		1.390361		1.817217		3.586910		8.249170		18.833885		55.341690		142.602831		266.411873		369.118602		430.949333		463.848841		480.658493		489.132950		493.384861		495.514135		
41.800000	1.410667		1.467967		1.834517		3.449041		8.423135		19.815073		57.377560		146.991595		279.930559		395.783333		467.830941		506.880459		527.029792		537.239775		542.375740		544.951093		
41.900000	1.436003		1.495966		1.838340		3.419260		9.173021		21.355241		55.964956		137.344610		260.388130		370.435743		440.145993		478.337173		498.158217		508.232143		513.307449		515.854358		
42.000000	1.387139		1.456211		1.813069		3.464826		10.151965		22.907222		52.582048		122.374003		226.756530		318.346268		375.710511		406.957892		423.128987		431.336225		435.468170		437.540949		
42.100000	1.270030		1.351741		1.754720		3.533198		10.911216		24.028135		50.267790		114.809216		212.147395		294.518173		344.497611		371.196397		384.866252		391.765257		395.228625		396.963498		
42.200000	1.106618		1.201958		1.675071		3.601873		11.170546		24.536385		51.385018		120.980070		231.749044		326.958769		384.764288		415.580055		431.330805		439.271746		443.255913		445.251074		
42.300000	0.921541		1.030203		1.591985		3.684559		10.945337		24.372443		55.345560		135.152818		265.608449		381.896752		454.242458		493.349464		513.487267		523.679155		528.802708		531.370979		
42.400000	0.731317		0.852426		1.513179		3.789233		10.444787		23.520141		58.782511		144.325536		279.009542		400.459356		477.238768		519.190737		540.925331		551.960905		557.517801		560.305639		
42.500000	0.543756		0.675607		1.429614		3.882221		9.896148		22.131927		58.726880		141.513979		260.723797		365.043725		430.596838		466.395701		484.949174		494.372740		499.118907		501.500281		
42.600000	0.367053		0.506380		1.326169		3.902754		9.463949		20.579729		54.854710		131.589734		234.697921		319.587174		371.110998		398.745347		412.936587		420.111238		423.716354		425.523105		
42.700000	0.218681		0.360551		1.200466		3.812769		9.272241		19.413411		49.041250		122.645047		229.210632		317.163764		369.745193		397.597429		411.792688		418.939738		422.523239		424.317178		
42.800000	0.124339		0.263291		1.072777		3.628712		9.414796		19.312506		44.681702		118.439746		244.003870		355.632269		424.527820		461.558827		480.565104		490.167439		494.990239		497.406637		
42.900000	0.106758		0.238533		0.977671		3.404210		9.871833		20.714380		45.365369		120.065504		257.984784		387.263846		469.470979		514.375870		537.619266		549.413378		555.350058		558.327851		
43.000000	0.172833		0.295451		0.944302		3.187904		10.424404		23.192919		51.439783		126.244258		255.375742		375.976951		453.256231		495.734272		517.804039		529.025400		534.679746		537.517448		
43.100000	0.308141		0.421929		0.982085		3.005491		10.731176		25.468450		58.911852		133.668857		242.205355		336.517066		395.384669		427.404446		443.963983		452.365574		456.594671		458.716013		
43.200000	0.482299		0.589474		1.082134		2.880206		10.558072		26.285161		63.072998		140.769906		242.621046		324.263072		372.856189		398.615566		411.759620		418.382661		421.704916		423.368468		
43.300000	0.661743		0.766057		1.229307		2.857150		9.958697		25.237181		61.659180		144.883735		264.583314		363.953671		423.554720		455.168015		471.289139		479.407795		483.478907		485.517057		
43.400000	0.821841		0.928161		1.411388		2.993435		9.240464		22.866547		55.224495		139.780716		281.930070		409.854532		489.608858		532.734324		554.940610		566.178619		571.827804		574.659484		
43.500000	0.950870		1.064257		1.616916		3.316772		8.767550		20.265035		47.153565		124.456623		267.517989		403.018422		489.803131		537.404368		562.097924		574.642219		580.960191		584.130167		
43.600000	1.044790		1.168915		1.825045		3.789002		8.789067		18.603429		42.497268		109.717267		229.865445		342.968656		415.578751		455.515033		476.269667		486.823656		492.142040		494.811216		
43.700000	1.099167		1.234681		1.999743		4.305624		9.382798		18.674118		44.122029		109.235959		208.902735		295.394899		348.886921		377.791634		392.683990		400.224651		404.016487		405.917507		
43.800000	1.106260		1.250390		2.098575		4.731895		10.451694		20.575030		50.452270		125.158748		232.827479		321.610431		374.691831		402.813108		417.146920		424.364133		427.982919		429.794550		
43.900000	1.059810		1.207828		2.092599		4.951618		11.715871		23.668864		57.528530		145.558136		282.639266		400.983899		473.277274		511.966576		531.783956		541.786277		546.807544		549.322778		
44.000000	0.962621		1.110193		1.981770		4.902528		12.746627		26.747038		61.517811		154.185219		310.391616		452.376642		541.594496		590.064801		615.087438		627.767718		634.146281		637.344673		
44.100000	0.829660		0.974444		1.794466		4.588743		13.112657		28.525033		60.381262		142.701243		285.350955		418.117323		502.826847		549.255054		573.337721		585.571909		591.733852		594.825596		
44.200000	0.683811		0.825672		1.574448		4.076739		12.586562		28.339329		55.781890		121.015172		229.657109		328.890424		391.770079		426.146573		443.960034		453.005498		457.560485		459.845724		
44.300000	0.547615		0.688039		1.366353		3.482189		11.265054		26.390326		51.944134		111.026100		204.685187		286.072849		336.002634		362.805918		376.561074		383.510953		387.001800		388.750921		
44.400000	0.437080		0.578689		1.207675		2.948999		9.536192		23.394873		51.106621		121.345104		237.710371		339.884709		402.457395		435.938412		453.080559		461.730015		466.071385		468.245850		
44.500000	0.361435		0.508047		1.127942		2.621675		7.949503		20.235261		51.941400		139.201177		290.825830		428.835306		515.152158		561.868872		585.931196		598.109688		604.231874		607.300697		
44.600000	0.327741		0.484393		1.149289		2.613047		7.062062		17.890603		52.163102		147.438353		310.853147		461.138503		556.223174		608.077028		634.900194		648.506975		655.355198		658.790001		
44.700000	0.345406		0.517102		1.281345		2.967542		7.271609		17.289816		50.654887		138.597412		278.149467		403.028539		481.556541		524.344553		546.481379		557.713375		563.367220		566.203205		
44.800000	0.425633		0.614515		1.511764		3.629060		8.637417		18.887321		48.191120		121.130624		227.486556		317.280344		372.118746		401.577010		416.711503		424.364075		428.209523		430.136756		
44.900000	0.574916		0.777690		1.803146		4.440291		10.788061		22.356023		47.426141		112.903778		216.640988		305.217747		358.815984		387.347817		401.922144		409.267918		412.952990		414.798254		
45.000000	0.787244		0.995155		2.103156		5.191225		13.034430		26.649519		50.750317		121.267758		254.330056		377.144203		453.894894		495.342454		516.657866		527.436581		532.852556		535.566728		
45.100000	1.041393		1.243098		2.362082		5.695004		14.646387		30.316111		57.555243		137.512718		296.634054		449.302975		546.839797		600.144038		627.728600		641.722179		648.764934		652.297236		
45.200000	1.305864		1.491495		2.547403		5.848421		15.127668		31.988827		64.204224		148.471005		302.166447		447.572383		540.637101		591.654436		618.110833		631.548019		638.314998		641.710081		
45.300000	1.548043		1.712361		2.649455		5.651829		14.364930		30.932615		66.474837		147.751718		270.153580		377.226916		443.894144		480.052943		498.718640		508.179100		512.938631		515.325384		
45.400000	1.741441		1.884941		2.677751		5.191750		12.630830		27.410574		62.294407		140.348056		244.317115		327.173457		376.211301		402.123097		415.322985		421.968577		425.300741		426.968902		
45.500000	1.867581		1.995773		2.652363		4.607912		10.484098		22.691291		53.105519		132.971884		256.767393		361.513677		424.620705		458.134887		475.232383		483.844123		488.162793		490.324950		
45.600000	1.914319		2.036461		2.597531		4.065395		8.611129		18.634009		43.620493		125.909436		284.051333		431.410224		524.055246		574.260527		600.128533		613.222263		619.804771		623.104381		
45.700000	1.875195		2.003452		2.539697		3.729294		7.631835		16.906401		39.373644		119.409005		287.874486		451.927891		557.351157		615.127673		645.069161		660.269355		667.922163		671.761139		
45.800000	1.752861		1.901221		2.504632		3.723876		7.896495		18.209470		42.984189		116.860931		259.116210		395.213655		482.525727		530.420001		555.262360		567.880933		574.235922		577.424366		
45.900000	1.565189		1.746770		2.510459		4.081684		9.339271		21.970843		52.431739		123.754290		231.026490		323.554915		380.544723		411.260260		427.062693		435.058020		439.076894		441.091334		
46.000000	1.348395		1.571266		2.561259		4.719146		11.478665		26.638465		62.434227		142.239887		250.430168		336.912936		387.910846		414.759393		428.403868		435.264074		438.701404		440.421586		
46.100000	1.151520		1.414925		2.646062		5.464084		13.599482		30.380016		67.444587		160.397597		306.802564		432.901733		509.651784		550.629032		571.590822		582.163483		587.469200		590.126448		
46.200000	1.022188		1.315252		2.742511		6.118868		15.038309		31.888664		64.942370		160.616667		338.304037		503.349444		607.282504		663.693067		692.786527		707.520749		714.930033		718.644608		
46.300000	0.990854		1.294672		2.823225		6.521077		15.423567		30.961699		57.349622		139.807178		307.699445		469.643374		573.390914		630.184592		659.603004		674.534538		682.051347		685.821922		
46.400000	1.062704		1.355147		2.864472		6.578966		14.756395		28.418775		50.414075		113.665766		237.492791		355.501922		430.857477		472.075173		493.421479		504.255589		509.709670		512.445549		
46.500000	1.220690		1.482101		2.855177		6.284209		13.340650		25.441998		48.747202		106.747530		200.984962		283.536682		334.306615		361.583886		375.586817		382.662861		386.217304		387.998344		
46.600000	1.436156		1.653890		2.803150		5.712506		11.649072		23.016362		52.176643		128.035125		246.512835		347.613931		408.834362		441.435997		458.091836		466.487290		470.699066		472.808100		
46.700000	1.680282		1.851106		2.737011		5.014444		10.185149		21.741715		56.647409		157.052964		327.176442		478.801999		572.578759		623.043494		648.961058		662.059367		668.639114		671.936082		
46.800000	1.930086		2.060614		2.701597		4.388178		9.356047		21.789999		58.233661		167.098673		361.488059		539.656251		651.433931		712.034506		743.277407		759.098035		767.053181		771.041318		
46.900000	2.166320		2.271915		2.743732		4.026760		9.360071		22.949439		55.713368		149.121565		316.278259		469.867518		566.434484		618.868215		645.925124		659.632833		666.527309		669.984158		
47.000000	2.367436		2.469717		2.891835		4.054454		10.118607		24.811113		51.509526		118.011427		231.594671		333.408372		396.644391		430.775866		448.336767		457.220612		461.685623		463.923543		
47.100000	2.508658		2.631650		3.141767		4.486802		11.317856		26.893355		50.561875		105.425238		199.092109		282.271464		333.440480		360.882963		374.950819		382.053693		385.619989		387.406546		
47.200000	2.570678		2.735927		3.458507		5.235053		12.566893		28.582014		55.103989		125.786793		257.176823		378.410165		454.244739		495.226829		516.311690		526.976223		532.335452		535.021346		
47.300000	2.551731		2.773205		3.790095		6.141696		13.568522		29.293862		61.627853		157.760351		339.630389		509.545576		616.715758		674.909851		704.927455		720.130470		727.775643		731.608512		
47.400000	2.472288		2.752448		4.082694		7.022679		14.193683		28.909486		65.044808		172.491389		365.974707		543.601952		655.072015		715.510540		746.670944		762.450064		770.384407		774.362134		
47.500000	2.367920		2.696335		4.289663		7.703415		14.446923		27.812594		63.040510		159.609701		316.266789		453.110776		537.190647		582.347791		605.525631		617.237072		623.119743		626.067340		
47.600000	2.274393		2.629598		4.375172		8.046060		14.393914		26.517764		56.617606		131.843513		243.164313		334.975854		389.707780		418.651999		433.392140		440.810714		444.529670		446.391251		
47.700000	2.213005		2.567366		4.317411		7.971846		14.118841		25.550311		49.805767		114.598494		225.208628		322.865059		382.728327		414.769391		431.176798		439.456209		443.612026		445.693600		
47.800000	2.184112		2.510508		4.115577		7.482768		13.703522		25.487327		47.907189		121.187936		273.821098		420.443578		513.681898		564.454825		590.674182		603.960134		610.642828		613.993540		
47.900000	2.173262		2.451570		3.798574		6.676167		13.190953		26.517876		52.905639		142.435574		330.280246		511.899945		627.919895		691.269309		724.031507		740.645690		749.005753		753.198338		
48.000000	2.166308		2.387549		3.427268		5.734766		12.576023		27.969287		60.998534		158.970085		339.837302		506.664438		611.345118		668.067982		697.300095		712.099121		719.539665		723.269584		
48.100000	2.161525		2.328742		3.082947		4.880772		11.876581		28.770205		66.232102		159.305973		299.907164		417.445877		487.994360		525.428003		544.522984		554.141195		558.964809		561.379835		
48.200000	2.168760		2.295145		2.843926		4.307062		11.201457		28.383240		65.561407		150.059641		265.685552		356.545503		409.309944		436.830441		450.745392		457.723048		461.214495		462.960564		
48.300000	2.198153		2.303650		2.761935		4.121225		10.708955		27.052929		59.994567		142.496848		279.428715		399.756421		473.533066		513.048384		533.292930		543.511421		548.641297		551.210952		
48.400000	2.249969		2.357444		2.850489		4.333127		10.515236		25.379308		53.200375		138.078087		313.351527		482.183330		589.815957		648.517554		678.856907		694.237350		701.975301		705.855564		
48.500000	2.313793		2.445342		3.087934		4.881400		10.684406		23.999273		49.441374		135.751228		323.062984		506.016161		623.239185		687.313833		720.465695		737.280828		745.742806		749.986697		
48.600000	2.376586		2.549911		3.427646		5.661760		11.283490		23.584017		50.778760		135.666546		296.922911		445.836355		538.982823		589.331061		615.240199		628.346647		634.933531		638.234831		
48.700000	2.433386		2.658062		3.808277		6.531025		12.341520		24.664734		56.025597		139.712315		265.715931		368.996566		430.063438		462.177343		478.479012		486.669333		490.771505		492.823978		
48.800000	2.493078		2.767605		4.165040		7.308545		13.682740		27.091192		61.996801		151.404375		279.069044		381.100038		440.786870		472.023153		487.842479		495.781377		499.755365		501.743141		
48.900000	2.573208		2.884723		4.443791		7.816874		14.875107		29.817897		65.099932		163.477816		329.867550		477.080050		567.715418		616.377555		641.340927		653.949898		660.282060		663.454525		
49.000000	2.684820		3.012522		4.611828		7.954229		15.463392		31.586877		63.788277		161.953325		356.355420		540.569882		657.283362		720.770265		753.543257		770.147826		778.499276		782.686598		
49.100000	2.818647		3.139755		4.659135		7.737039		15.270635		31.830228		60.318784		146.921471		327.733626		501.616469		612.180606		672.379844		703.464515		719.215210		727.137490		731.109694		
49.200000	2.944900		3.240506		4.592545		7.272215		14.447486		30.797367		58.343982		132.116852		270.650429		397.354164		475.964827		518.238660		539.930533		550.887054		556.389179		559.145721		
49.300000	3.026609		3.285016		4.428453		6.686747		13.270203		28.977412		59.217897		132.803320		247.367660		342.826591		399.528398		429.377992		444.532792		452.146818		455.960234		457.868191		
49.400000	3.035602		3.252419		4.187333		6.076440		11.971477		26.712646		61.107412		151.760576		293.796341		413.866415		486.121550		524.475599		544.038826		553.891893		558.832949		561.306679		
49.500000	2.961625		3.137978		3.893244		5.508817		10.778211		24.445840		61.035700		170.962692		362.481214		533.911842		640.031300		697.162293		726.510822		741.345157		748.797527		752.531890		
49.600000	2.812690		2.953934		3.578521		5.055676		9.998315		22.972168		57.821593		169.516608		378.261544		570.319090		690.424224		755.358522		788.779589		805.687799		814.185801		818.445061		
49.700000	2.609185		2.725080		3.284826		4.796169		9.916740		23.081520		53.678440		147.045828		323.242949		484.731396		585.141917		639.215724		666.984668		681.016627		688.064698		691.596140		
49.800000	2.375596		2.480470		3.051855		4.770547		10.552657		24.871224		52.551621		124.468001		251.066416		362.727189		430.644194		466.779468		485.217941		494.504425		499.161095		501.492352		
49.900000	2.135775		2.246553		2.901383		4.938575		11.576067		27.525440		56.437858		125.822094		241.246049		341.252796		401.775604		433.927419		450.324678		458.581440		462.721403		464.793901		
50.000000	1.915252		2.047183		2.833262		5.199399		12.516032		29.870902		63.426362		152.795476		309.179693		449.672725		536.683665		583.519170		607.574102		619.731224		625.838203		628.898281		
